0 24.3595 19.3721 -0.698457
3 23.4665 45.3391 -0.995448
6 42.8455 50.716 -0.907306
9 56.5674 66.8151 0.018779
12 57.5424 41.0361 0.838092
15 54.1063 99.8648 -0.643613
18 95.3675 86.8979 0.899985
21 11.7272 76.213 -0.744067
25 44.2399 56.6946 0.254742
28 19.0767 65.5002 0.225205
31 6.97236 19.2781 0.635899
35 16.81 68.3999 -0.892152
38 50.7883 39.4932 0.49934
42 74.0477 61.1658 -0.975835
44 69.1741 61.7722 0.0590506
48 86.4037 99.8712 -0.999951
51 54.7882 61.9663 -0.982075
54 3.50981 10.5888 -0.359953
59 60.2289 61.106 -0.512928
62 62.782 11.1414 -0.0498788
66 56.5488 26.3123 0.000166883
70 61.9702 89.8343 -0.758888
73 41.3011 2.4404 -0.444264
77 34.8606 85.4293 -0.298503
80 4.76256 37.4991 -0.998742
83 18.4871 76.2705 -0.354611
86 92.3456 22.3865 -0.945584
90 88.6928 13.7558 0.665554
94 3.7554 81.3914 -0.575983
97 29.4463 75.0425 -0.921528
101 15.4584 43.8426 0.247022
104 38.7517 97.2108 0.86873
107 22.4039 54.0905 -0.401086
110 77.8944 10.4391 0.60156
112 43.7759 3.17689 -0.204912
115 16.0988 70.0781 -0.380979
120 81.9923 74.7678 0.305885
124 77.4515 3.63049 0.885824
127 45.3634 57.0181 0.982059
130 50.2706 38.2245 0.00510883
134 98.9376 78.6406 -0.999745
138 52.009 67.0227 0.985126
141 74.3262 31.6117 -0.878188
144 25.5743 17.4251 0.427366
147 24.3339 83.046 -0.716552
151 35.2007 13.5533 -0.599716
154 93.147 88.9305 -0.891578
157 23.8644 82.7982 -0.954607
161 0.862139 0.450466 0.759236
164 44.2602 77.0256 0.274377
169 33.8038 15.9337 0.684372
173 13.9345 36.2492 0.979536
177 2.68739 77.4664 0.438746
180 14.1256 26.627 0.999933
184 40.5208 87.0313 0.314443
188 14.1923 84.9475 0.998479
190 90.2367 39.2689 0.764015
193 25.9385 57.9262 0.721348
197 2.2736 55.0096 0.763032
200 73.2373 68.4828 -0.830872
204 61.0692 96.7895 -0.981646
207 66.8025 48.9938 -0.73728
210 76.8014 76.1283 0.985993
215 54.8825 60.9169 -0.995459
219 39.3891 69.4717 0.992901
222 59.4355 72.6387 0.25204
227 86.9694 88.4031 -0.83884
230 24.2031 35.4057 -0.80143
234 13.2708 13.9164 0.647634
237 44.7792 61.231 0.715221
241 50.0486 75.3561 -0.215173
245 38.3614 54.0305 0.614919
249 60.4535 78.347 -0.691289
252 36.2186 9.56454 -0.995924
256 37.4512 72.2411 -0.245413
259 75.6163 42.6144 0.216307
263 65.3775 63.2171 0.561325
266 88.8077 50.583 0.7467
270 22.0781 57.3694 -0.0868611
274 41.4596 59.2821 -0.580122
278 40.0759 34.8708 0.692398
282 50.6824 12.8498 0.404972
286 76.8994 64.662 0.997575
290 7.30957 0.80426 0.85543
293 66.4973 22.7685 -0.500208
296 6.91787 44.9233 0.592924
299 52.0666 66.8521 0.973601
302 40.9271 46.1324 -0.086286
305 4.6338 51.2187 -0.996913
309 96.0793 12.0389 0.96621
313 90.1838 6.69295 0.797024
316 17.8354 63.4942 -0.849042
319 37.0429 30.78 -0.610125
323 66.1666 40.2899 -0.191941
326 11.8418 67.8167 -0.662778
330 19.8558 90.7126 0.844821
334 76.3178 85.9868 0.795371
338 57.9226 9.21984 0.980694
341 41.1104 61.9103 -0.266457
344 45.6664 78.101 0.993587
349 82.7754 3.67281 0.888475
353 64.3165 94.1334 0.996295
356 7.53316 1.3537 0.948976
359 21.8212 7.17994 0.16918
363 66.08 64.6374 -0.106342
366 39.9551 37.7447 0.774293
368 36.4352 58.915 -0.953272
372 82.8665 78.844 0.92652
376 87.7195 51.157 -0.242628
379 27.3576 19.6498 0.793589
383 3.57291 66.2554 -0.418069
386 16.3306 18.3346 -0.583167
390 85.9657 75.2757 -0.909739
394 39.4492 31.7141 0.983963
397 88.7994 96.612 0.741162
401 96.5374 70.1942 0.75257
404 72.3757 3.1266 -0.118781
408 77.4372 47.8091 0.892396
411 55.7049 71.7327 -0.747183
415 99.4134 86.1129 -0.899047
420 30.5018 57.7736 -0.792008
424 95.7043 1.55513 0.993479
427 6.03087 6.37992 -0.249647
429 86.3273 89.3962 -0.997792
432 53.7462 86.0358 -0.332645
435 8.32553 13.968 0.890865
438 79.7574 36.2607 -0.938256
441 7.90994 80.2497 0.998435
444 89.9006 88.6003 0.93406
448 64.9978 87.2448 0.828085
452 72.8221 72.473 -0.535786
455 5.44712 17.2078 -0.742009
459 97.9282 50.8819 -0.513093
462 70.4377 39.7173 0.969377
466 60.7736 62.6001 -0.883522
469 85.3223 41.0341 -0.478778
473 34.9824 49.5323 -0.412246
477 12.2063 57.7378 -0.352347
480 96.3614 33.9751 0.856263
484 63.2656 16.3173 0.420251
487 15.0113 61.4342 0.641637
490 27.5062 68.3629 0.694765
495 14.3756 76.3867 0.971714
499 99.8843 59.5594 -0.602499
503 87.5462 5.90182 -0.406281
506 68.8279 26.4836 -0.28319
510 70.7994 5.61283 0.993562
514 2.6266 12.1523 0.492529
517 93.5288 70.5706 -0.658647
520 54.3523 28.4724 -0.810631
524 71.5553 66.4504 0.645201
529 35.7802 59.3442 -0.940009
532 32.8992 12.316 0.996174
536 1.04272 48.8662 0.863777
540 81.8821 75.8632 0.199302
543 7.57263 65.2 0.960681
547 69.5864 17.3461 0.454094
550 48.7306 18.2886 -0.999355
554 28.1953 50.3206 0.0789088
558 40.924 45.8956 -0.0831962
562 21.626 60.9331 0.357056
565 2.36902 44.0945 0.697978
568 79.9306 64.1064 -0.98384
572 30.8881 90.7718 -0.50365
576 70.3512 80.432 0.944517
579 89.2598 50.166 0.962261
583 96.9758 87.83 0.401864
586 14.5585 2.3595 0.912533
589 76.9391 29.7942 0.999554
592 62.5316 59.4458 -0.295771
595 38.1325 12.1084 0.41995
599 60.977 53.812 -0.95993
603 8.0036 7.95911 0.988827
607 76.3713 65.1433 0.826605
609 47.6327 88.7669 -0.487118
613 40.9142 38.318 -0.0733821
616 85.9834 34.8357 -0.916945
620 57.529 69.172 0.830699
623 91.6559 41.1369 -0.522453
626 97.4413 96.3675 -0.0518878
630 69.8507 94.2474 0.671102
634 45.9417 65.3092 0.925432
638 2.30789 44.1009 0.740422
642 96.3244 76.442 0.874754
646 41.9396 84.4258 -0.890711
650 54.172 21.1269 -0.692507
654 28.5667 44.698 -0.288228
657 40.4739 29.5947 0.358621
661 88.4184 65.8273 0.438363
664 83.5263 8.65542 0.962683
666 5.69441 24.8308 -0.555345
670 25.8794 13.4811 0.679217
674 36.0351 78.2537 -0.995654
677 53.629 88.2361 -0.220125
682 2.69621 53.0814 0.430804
686 13.7714 51.9777 0.933845
689 23.8429 38.2886 -0.96079
692 55.0555 56.0203 -0.996991
696 27.3814 38.6013 0.778891
700 74.2125 38.879 -0.926771
703 57.0517 5.26364 0.482064
707 69.9813 9.55767 0.76189
711 12.7838 25.0005 0.215705
715 15.1577 73.8222 0.522938
719 84.509 56.4236 0.308907
722 23.2749 67.3076 -0.959088
724 41.4783 36.2503 -0.59529
728 76.7907 28.3213 0.984144
731 16.5757 93.5253 -0.762865
734 2.45965 29.3444 0.630301
738 28.0917 76.6732 0.181614
742 44.3687 93.6736 0.376872
746 97.9214 91.7674 -0.507256
750 37.9833 6.92991 0.280397
753 73.0901 55.9782 -0.740236
758 86.165 41.8583 -0.973934
762 92.8946 96.8626 -0.97642
765 78.7024 32.6954 -0.161843
768 87.9497 51.7097 -0.0148643
773 79.8481 24.6637 -0.965738
776 83.4092 27.5383 0.987709
779 51.6656 91.0199 0.985477
783 18.118 86.3647 -0.668025
787 72.7274 86.8859 -0.453585
790 25.9945 21.8507 0.759006
793 89.1466 23.9083 0.925382
797 71.6943 61.9574 0.533155
800 34.3037 31.2398 0.251057
805 18.0393 75.2861 -0.724438
809 78.2402 78.5802 0.29517
812 47.1761 29.9244 -0.0521817
816 33.508 24.2474 0.867173
818 52.5397 56.532 0.762603
822 84.2978 46.1694 0.501353
826 83.3118 96.4057 0.998226
829 81.6216 21.6104 -0.0597411
832 1.94716 83.2185 0.930006
835 55.9701 69.7025 -0.546847
838 7.88571 10.9682 0.999497
841 67.7809 40.9195 -0.972129
846 59.5474 31.5833 0.142371
850 38.8702 96.1993 0.921167
853 40.7191 55.2012 0.121352
857 79.177 42.401 -0.594908
860 40.5083 69.4097 0.326359
864 45.2291 7.9862 0.947972
867 36.6935 80.7043 -0.844493
872 77.7419 0.658462 0.715913
874 99.5596 15.1241 -0.825663
877 33.7261 12.6274 0.738902
880 67.3446 78.2484 -0.980139
883 33.6569 28.7932 0.783681
886 53.59 7.00828 -0.181931
889 66.2452 22.4573 -0.26845
894 56.6071 98.0805 0.058437
897 81.3958 54.3738 -0.281718
901 8.35511 95.0993 0.877041
906 90.1622 7.33056 0.809887
909 95.6075 97.8918 0.9778
912 52.3528 22.7274 0.869532
915 64.2895 16.1489 0.993604
919 47.2537 60.6689 -0.129471
922 30.0557 53.9588 -0.977904
925 9.58925 72.3735 -0.163732
928 24.7791 18.1705 -0.346336
933 60.0746 54.2432 -0.374901
936 34.1628 5.19134 0.384592
940 74.6993 87.7442 -0.643374
943 99.638 7.80943 -0.778939
946 5.55376 59.249 -0.666443
950 58.2243 92.3122 0.994505
953 27.5158 56.1999 0.687874
957 3.2974 75.3627 -0.155176
961 64.1749 18.2285 0.97418
964 86.6956 63.2049 -0.954796
967 78.7643 36.028 -0.222603
971 15.7343 15.4291 -0.0263491
975 96.3068 59.5364 0.883144
979 70.1352 69.5572 0.852177
983 83.6051 61.5579 0.938369
987 27.0759 45.4801 0.931486
989 72.7281 9.94384 -0.45417
993 55.2879 93.6684 -0.952329
998 39.0503 72.4906 0.975993
1001 17.5169 64.0249 -0.97179
1005 69.3687 83.377 0.250916
1009 68.0756 42.4173 -0.862141
1012 56.3971 47.0589 -0.151028
1015 65.7909 18.5446 0.181507
1019 97.1314 95.7979 0.255102
1022 33.5514 92.6985 0.844775
1025 64.2587 48.4131 0.989657
1029 56.0518 23.4431 -0.476704
1033 78.3864 68.3856 0.152836
1037 72.0627 67.3931 0.192761
1040 48.277 38.6584 -0.914042
1044 20.3896 33.7717 0.999527
1047 87.0586 46.7791 -0.787038
1049 18.7357 96.1607 -0.113569
1052 14.6676 80.6274 0.862566
1056 97.8636 57.7163 -0.456653
1059 62.2627 62.6121 -0.538904
1063 51.5393 20.559 0.95623
1068 26.7887 13.0581 0.99638
1070 62.8187 90.8647 -0.0131775
1074 71.2611 83.6087 0.83903
1078 30.451 78.4635 -0.822026
1083 44.4417 52.4616 0.443416
1086 58.0899 3.09905 0.999562
1090 72.028 93.583 0.22662
1094 79.4979 39.9701 -0.818116
1096 48.9126 18.495 -0.976342
1101 98.2699 65.7207 -0.771094
1105 61.7315 43.4356 -0.891375
1108 7.68591 36.3095 0.985909
1112 60.0397 17.9671 -0.342382
1116 96.3536 42.4613 0.860244
1119 11.4323 2.07839 -0.90615
1122 64.7287 93.1451 0.947321
1127 26.7403 30.9195 0.999324
1130 75.1684 77.8489 -0.227825
1133 19.7958 27.1329 0.811218
1137 54.434 86.0892 -0.855716
1141 44.9471 47.5829 0.82192
1144 18.7789 6.84491 -0.0706295
1149 35.4713 6.28528 -0.791829
1151 49.4185 27.2736 -0.749288
1155 42.5942 48.8828 -0.983353
1159 84.8346 4.0713 -0.0115624
1162 53.592 92.0728 -0.183885
1167 62.3487 50.7159 -0.464561
1170 58.9585 65.4473 0.668195
1174 88.1046 75.4365 0.139548
1177 70.5491 56.5652 0.99066
1179 86.1711 21.8606 -0.975309
1184 53.954 6.0886 -0.520052
1188 8.61434 23.9216 0.724592
1191 73.9276 14.7246 -0.994988
1194 6.77459 45.4413 0.471867
1197 72.774 88.0733 -0.494561
1200 59.1074 17.119 0.550388
1202 44.107 5.22834 0.124343
1205 9.39239 60.518 0.0323852
1208 93.1875 39.7129 -0.872503
1212 86.5091 60.0249 -0.993363
1215 38.3512 15.8427 0.60685
1218 97.5656 41.2546 -0.175299
1221 88.9384 3.41647 0.827005
1223 70.9298 80.2027 0.970387
1226 35.065 89.5095 -0.485936
1229 31.3978 21.4463 -0.0181291
1232 74.3562 61.6119 -0.863449
1236 64.9869 2.6904 0.834123
1239 12.0868 35.9778 -0.461387
1242 53.0848 38.3536 0.316723
1245 49.3272 94.2954 -0.806532
1248 47.2286 40.9878 -0.104512
1251 18.2407 71.7529 -0.571907
1254 0.488591 23.0563 0.469382
1257 53.2069 86.2691 0.198794
1260 34.4129 72.0371 0.144123
1263 3.93318 75.7939 -0.711467
1266 4.76529 42.4699 -0.998601
1269 34.6402 99.5939 -0.0825572
1272 20.3686 71.2762 0.998662
1274 78.4832 80.8854 0.0565531
1277 41.9136 15.8821 -0.878611
1280 72.224 9.25684 0.0325857
1283 39.9496 67.9124 0.777747
1286 57.8082 47.3351 0.95194
1289 73.1551 68.862 -0.782354
1292 44.8613 69.7218 0.770085
1295 4.19395 69.3254 -0.868595
1298 27.6975 69.0984 0.545375
1301 46.5327 52.4772 0.557344
1304 99.0043 71.9894 -0.999027
1307 40.5556 15.1246 0.281255
1310 61.6715 17.3942 -0.916931
1313 94.0708 16.6733 -0.176064
1316 7.73776 85.83 0.993254
1319 63.7725 29.7238 0.807922
1322 26.2778 13.0579 0.910744
1326 59.2676 41.9639 0.410222
1328 16.532 79.5994 -0.733869
1332 12.1051 32.6347 -0.445094
1335 85.9798 90.3963 -0.915524
1338 15.6011 75.1656 0.1067
1341 53.6535 47.1968 -0.243965
1344 89.7061 87.6819 0.985465
1347 98.6052 59.7381 -0.937659
1350 24.2308 43.1829 -0.784561
1353 41.7834 5.26013 -0.809162
1356 15.3511 73.169 0.349333
1358 32.3898 39.5381 0.827072
1362 7.28198 17.7319 0.840821
1365 62.818 0.0943613 -0.0138294
1368 54.6691 69.9738 -0.9527
1371 62.5538 76.4812 -0.274471
1374 52.3884 78.8876 0.851439
1377 23.0977 43.3839 -0.894146
1380 83.1296 96.6223 0.992496
1383 93.1942 75.1298 -0.869179
1386 62.3478 1.34382 -0.465361
1389 7.39665 96.1901 0.897233
1392 96.4432 4.90163 0.811158
1395 50.9408 6.9361 0.625153
1398 99.6841 28.2204 -0.749239
1400 60.5924 99.9307 -0.784657
1403 94.1201 80.627 -0.127292
1406 80.5413 10.856 -0.908664
1410 55.9513 61.5949 -0.56244
1412 12.7598 1.09848 0.19221
1415 50.262 76.104 -0.00347466
1419 54.4813 31.0689 -0.879219
1421 7.65005 10.7 0.979279
1424 44.7511 36.5007 0.695271
1427 55.6892 23.0063 -0.757484
1430 36.2919 3.20629 -0.986646
1433 21.4221 59.995 0.538872
1436 49.5837 44.8457 -0.630171
1439 61.0799 52.0368 -0.983644
1443 68.2732 97.9435 -0.745849
1446 97.4193 97.7845 -0.0298812
1449 64.2965 11.4474 0.994371
1452 17.3851 26.7594 -0.994353
1454 96.3478 42.4286 0.863218
1457 12.1843 78.7967 -0.372866
1460 42.517 78.5455 -0.994438
1463 82.7894 24.8415 0.894815
1466 95.304 91.7769 0.870512
1470 70.3784 15.7151 0.953101
1473 18.2375 82.8388 -0.574515
1475 22.3718 68.0816 -0.371561
1478 67.6307 4.6694 -0.996266
1481 94.7433 51.7514 0.475524
1484 52.6309 71.7249 0.700566
1487 31.2568 74.1829 -0.158418
1490 2.74145 60.7491 0.389548
1494 39.8314 7.86456 0.846468
1497 26.445 38.6398 0.966774
1500 44.4034 14.3316 0.408733
1503 48.5443 68.4538 -0.988717
1506 33.1318 91.7366 0.989488
1509 40.8288 99.7413 0.0119204
1512 15.9264 30.195 -0.216674
1515 33.0962 36.1946 0.994019
1518 8.31696 27.9317 0.894728
1521 34.4461 0.782363 0.111229
1524 68.8924 26.9661 -0.22077
1528 57.7296 93.8914 0.924963
1531 46.7473 39.8207 0.367744
1534 51.2661 38.9842 0.841799
1538 64.4177 16.4013 0.999887
1541 73.8962 37.091 -0.997636
1544 44.6773 89.4573 0.640409
1548 40.9104 34.4155 -0.069645
1551 81.4892 85.4101 -0.191067
1554 8.97812 1.68242 0.431956
1557 2.47356 40.0641 0.61944
1560 81.9071 73.494 0.223788
1564 94.5957 1.98304 0.340906
1567 52.0108 59.4297 0.984808
1570 88.6443 71.2563 0.628551
1573 46.3183 21.2675 0.721268
1576 71.2104 13.0988 0.865541
1577 86.5717 1.74937 -0.984218
1581 52.8563 26.2279 0.523371
1584 60.4837 48.9832 -0.71277
1586 16.3706 8.71712 -0.615175
1589 46.9471 14.2399 0.175899
1592 89.3063 64.7956 0.973877
1595 88.1711 92.8554 0.205085
1598 97.7796 94.6797 -0.380436
1601 94.1313 28.5138 -0.11617
1605 40.553 12.4037 0.28371
1608 79.0355 24.0334 -0.475594
1611 22.5641 42.1514 -0.542139
1614 95.2969 95.9302 0.866964
1618 37.4864 27.199 -0.211096
1621 61.9109 24.3682 -0.796175
1624 72.7229 29.0087 -0.44954
1627 19.7077 78.7718 0.756602
1630 55.5947 5.55583 -0.815716
1632 98.1971 44.3146 -0.722738
1635 55.0548 73.1832 -0.997044
1638 76.1184 27.0448 0.659547
1640 58.5024 94.4614 0.927577
1644 76.3223 61.4391 0.798094
1647 72.3856 87.5859 -0.128584
1650 34.2705 9.70803 0.283112
1653 17.3675 32.2789 -0.996065
1656 3.96602 20.9534 -0.734161
1659 86.9775 45.0436 -0.834404
1662 18.6829 60.8936 -0.165905
1665 36.0513 88.4787 -0.997032
1669 5.87777 6.82384 -0.394401
1672 19.067 16.8353 0.215759
1676 84.367 84.0195 0.440406
1678 96.2333 65.4476 0.915246
1682 8.77676 29.6084 0.603604
1684 67.1081 27.2178 -0.906382
1687 26.7225 4.49686 0.99982
1690 6.11202 9.69172 -0.17033
1693 21.987 83.5559 0.00417508
1696 33.4509 59.673 0.894176
1699 62.7484 99.3872 -0.0833271
1702 50.1227 80.9468 -0.142268
1705 17.5296 92.7645 -0.968705
1708 20.2006 18.755 0.975947
1711 75.6016 87.9554 0.201929
1714 91.0226 77.2832 0.0834976
1717 10.1637 35.8482 -0.67351
1720 2.1974 35.8755 0.810021
1723 95 78.8501 0.68325
1726 87.0684 96.7881 -0.780953
1729 84.9046 89.2951 -0.0815045
1731 47.6207 9.5741 -0.476648
1735 80.266 19.1466 -0.987944
1738 50.7985 35.7938 0.508177
1741 6.44323 96.2601 0.159358
1744 55.6559 90.7439 -0.778825
1748 60.7525 94.4974 -0.873471
1751 30.6215 7.19825 -0.713495
1754 98.4207 1.20859 -0.858
1757 78.0073 6.08655 0.507736
1760 81.122 90.2409 -0.530648
1763 74.4747 16.7742 -0.797718
1766 84.275 96.9838 0.520988
1769 46.6743 72.0748 0.43463
1772 97.9937 30.0291 -0.568174
1775 64.2029 51.3494 0.980126
1778 83.0035 11.2057 0.969222
1781 60.7331 95.9527 -0.863851
1784 58.8893 62.304 0.718028
1787 19.9905 66.8911 0.909046
1790 66.641 45.9109 -0.619029
1793 2.27612 79.2457 0.7614
1796 50.9474 44.2949 0.630301
1799 62.0996 51.8522 -0.668543
1802 94.8235 86.2439 0.544442
1804 45.843 78.5363 0.958274
1807 88.6807 92.854 0.656453
1810 71.9701 0.537973 0.282664
1813 2.5585 36.389 0.550609
1816 67.2186 60.8085 -0.947453
1819 52.7685 58.978 0.596067
1822 23.3171 94.0915 -0.970163
1825 8.79896 96.8327 0.585759
1829 51.7222 2.64585 0.993501
1832 35.0618 96.5602 -0.483182
1835 18.2213 32.1561 -0.587713
1838 72.1587 23.3882 0.097776
1840 26.7712 53.7537 0.997709
1844 1.43095 99.1425 0.990237
1847 45.768 79.359 0.977
1850 6.51729 77.6946 0.231976
1853 53.5973 48.6639 -0.189069
1856 49.5927 69.0759 -0.623184
1859 55.2105 56.9278 -0.973075
1862 28.3189 5.8777 -0.0445895
1865 77.8695 38.1677 0.621199
1868 95.9604 99.9944 0.989953
1870 23.4496 6.16359 -0.993696
1872 22.749 95.3161 -0.687393
1875 36.0956 22.8236 -0.999466
1879 7.24545 89.361 0.82049
1882 42.9217 54.6578 -0.87267
1885 96.9202 55.8902 0.452136
1888 76.9552 84.7331 0.999905
1891 72.1852 28.7888 0.0713762
1894 29.0736 1.1005 -0.716877
1897 29.3724 31.2058 -0.890328
1900 93.2631 99.6733 -0.833104
1903 71.8827 61.4118 0.365249
1906 70.8034 76.5638 0.993097
1909 44.2413 6.72264 0.256144
1912 3.03217 94.4769 0.109201
1915 1.4742 71.7421 0.995339
1918 36.399 21.0295 -0.963579
1921 94.8174 73.9517 0.539316
1924 43.8159 97.0851 -0.16565
1928 84.9588 21.0925 -0.135357
1931 22.2819 52.0196 -0.286691
1934 12.4936 48.1161 -0.0726913
1937 1.80613 39.4204 0.972436
1940 50.9784 2.55224 0.654078
1943 91.6022 63.9807 -0.475883
1946 47.9825 36.1461 -0.756944
1949 85.8931 30.7181 -0.877241
1952 45.3577 55.3619 0.980975
1955 37.3037 68.4482 -0.385167
1958 56.308 48.0085 -0.23833
1961 82.6087 54.8018 0.799969
1964 69.1074 60.1927 -0.0075926
1969 49.5022 46.3466 -0.691328
1971 76.0077 48.4214 0.572459
1973 72.1643 46.1099 0.0921947
1976 10.6509 43.1823 -0.941197
1979 71.0249 28.7876 0.943064
1982 7.27562 84.2291 0.837358
1985 18.0877 37.7738 -0.69026
1988 94.4475 20.186 0.198428
1993 77.0389 48.1859 0.997562
1996 56.8427 82.0269 0.28985
1999 93.7307 20.4785 -0.494349
2002 29.0107 83.9827 -0.67158
2004 52.5688 22.1492 0.743476
2008 50.0561 56.5257 -0.207889
2010 29.5475 28.4749 -0.956033
2012 94.6875 66.2043 0.425725
2014 3.69983 84.5713 -0.529688
2016 49.2888 85.8633 -0.828659
2018 44.6291 83.0227 0.602633
2020 64.715 1.93164 0.95161
2022 38.1881 29.3757 0.46974
2024 67.9077 31.4936 -0.934666
2026 45.5062 36.218 0.998899
2028 33.3298 50.4937 0.941715
2030 65.2831 66.8059 0.636775
2032 94.2204 35.906 -0.0274157
2034 82.2644 70.8859 0.550499
2036 33.8504 2.42767 0.649661
2038 12.4812 16.2461 -0.0850631
2040 99.7069 57.539 -0.733903
2042 98.532 55.8613 -0.909744
2044 75.2293 48.3653 -0.168079
2046 87.7438 93.4472 -0.218991
2048 48.8302 7.0633 -0.990836
2050 64.3854 34.6533 0.999851
2052 78.9256 78.5767 -0.376285
2054 94.6053 3.59242 0.349981
2056 47.9723 55.1477 -0.750236
2058 67.8414 80.1595 -0.956187
2060 27.6046 11.501 0.620777
2062 80.7568 8.28544 -0.798398
2063 25.3278 15.8065 0.193783
2065 5.87974 27.9973 -0.392594
2067 97.1261 98.0139 0.260262
2069 23.2152 65.3744 -0.940486
2071 78.7709 64.9655 -0.229052
2073 41.8586 89.8627 -0.851005
2075 15.3534 63.3246 0.347222
2077 84.048 88.4557 0.699746
2079 16.9531 27.4534 -0.947455
2081 36.3906 19.5063 -0.965792
2083 25.593 66.7191 0.44417
2085 58.9358 8.94344 0.684863
2087 22.327 60.885 -0.329579
2089 5.64221 63.9713 -0.597975
2091 48.4336 89.6731 -0.966109
2093 46.5813 60.0733 0.516386
2095 35.6717 21.7668 -0.897534
2097 77.9609 69.0597 0.547123
2099 24.8005 73.8891 -0.326126
2101 48.8166 33.0059 -0.992578
2103 99.6288 52.8935 -0.784652
2105 64.6541 13.0036 0.968563
2107 98.0439 52.3483 -0.608764
2109 67.542 11.1951 -0.999998
2111 37.3092 12.42 -0.380068
2113 78.2802 79.1512 0.256706
2115 44.525 4.38571 0.516478
2117 68.5744 19.3488 -0.514697
2119 17.632 23.5967 -0.938252
2122 88.5086 15.9181 0.517556
2124 66.8126 43.3071 -0.744052
2126 28.1737 32.177 0.100466
2128 70.2993 65.3254 0.92621
2130 39.4061 33.103 0.990747
2132 34.1755 72.9858 0.372804
2134 29.4106 10.0725 -0.907083
2136 82.6659 35.3088 0.832976
2138 82.9861 42.9649 0.964806
2140 43.9066 28.8208 -0.0756282
2142 3.62912 95.1586 -0.468442
2144 81.2528 70.115 -0.415576
2146 60.2435 23.5008 -0.525465
2148 53.17 58.0725 0.234814
2150 82.127 85.1318 0.430949
2152 90.6008 2.86261 0.484152
2154 23.1752 44.8867 -0.926153
2156 59.7403 40.9286 -0.0499708
2158 90.7555 2.89862 0.343523
2160 94.8675 60.2181 0.58082
2162 54.8864 83.3073 -0.995818
2164 15.6141 63.2699 0.0937527
2166 88.2656 54.3502 0.296466
2168 50.4374 23.8593 0.171079
2170 56.5014 52.0764 -0.0472858
2172 17.0649 25.2131 -0.977228
2173 19.8972 29.7407 0.866235
2175 45.6992 41.5745 0.98935
2178 71.0357 24.6439 0.939404
2180 96.4889 8.51079 0.783634
2182 22.8238 83.4966 -0.739733
2184 0.764394 98.9585 0.692099
2186 57.5057 75.0139 0.817483
2188 66.6979 47.8929 -0.662712
2190 69.2107 73.3109 0.0955235
2192 80.361 68.2388 -0.968819
2194 50.9502 63.0632 0.63246
2196 55.7863 84.5119 -0.69064
2198 11.455 96.4434 -0.896305
2200 5.0551 85.7538 -0.941847
2202 45.9779 55.9103 0.911105
2204 95.1706 61.782 0.797329
2206 40.7826 91.9223 0.0581192
2208 6.49715 6.92237 0.212333
2210 72.8239 20.7161 -0.537318
2212 42.4886 80.0861 -0.997033
2214 5.52543 33.6822 -0.68729
2216 17.5962 75.2241 -0.950036
2218 54.1429 5.58906 -0.671227
2220 73.1532 74.7551 -0.781217
2222 10.2429 15.3713 -0.729893
2224 4.12326 9.06879 -0.831427
2226 37.7636 62.4713 0.0644783
2228 33.8141 7.89031 0.676808
2230 95.5997 38.0773 0.976142
2232 37.6099 88.2645 -0.0890788
2234 98.4731 12.78 -0.88371
2236 92.0194 3.04215 -0.791482
2238 50.5757 4.63855 0.305249
2240 44.1626 32.897 0.179359
2242 17.0262 71.5717 -0.968273
2244 45.8054 30.8747 0.968335
2246 61.5784 68.8317 -0.950057
2248 72.1718 62.3932 0.0847107
2250 99.2457 30.3087 -0.959505
2252 49.4325 95.7866 -0.739934
2254 88.3981 29.6554 0.420046
2256 2.97029 26.7119 0.170469
2258 86.887 81.7537 -0.880826
2260 39.8671 78.8622 0.826932
2262 57.3268 17.8783 0.701946
2264 28.2411 0.669492 0.0332173
2266 77.2239 41.5406 0.967695
2268 50.1077 81.3676 -0.157148
2270 64.9627 97.4274 0.84722
2272 3.36962 18.5234 -0.22606
2274 84.3237 23.3046 0.47877
2276 95.0108 60.2237 0.691096
2278 41.2893 69.9535 -0.433667
2280 84.6616 15.3286 0.16069
2282 5.08634 47.0585 -0.930893
2284 99.0163 93.2745 -0.998428
2286 71.2484 74.4661 0.845895
2288 6.12854 37.9124 -0.154028
2290 27.2163 66.317 0.871386
2292 89.9731 3.71408 0.905731
2294 22.937 96.5644 -0.811023
2296 30.907 44.3099 -0.487218
2298 58.9941 90.8289 0.641297
2299 28.5302 61.673 -0.253052
2301 11.579 57.6761 -0.834553
2303 33.0458 63.2399 0.998255
2305 20.21 64.528 0.977954
2307 24.367 55.8577 -0.693101
2309 5.16512 16.721 -0.899254
2311 41.0243 32.2572 -0.182566
2313 83.4713 61.7773 0.976089
2315 19.5809 94.7366 0.66784
2318 78.734 5.87306 -0.193012
2319 1.5659 68.7942 0.999988
2321 31.4611 29.762 0.0451884
2324 28.1256 31.0276 0.148184
2326 28.1877 42.1599 0.0865075
2328 1.218 19.5916 0.938411
2330 53.9898 60.1642 -0.55032
2332 25.7407 19.6866 0.5712
2334 30.4517 40.3856 -0.82159
2336 26.0454 15.9054 0.79114
2338 58.7166 65.4704 0.826976
2340 7.783 18.4707 0.997482
2342 40.0975 62.4737 0.676655
2344 93.7548 77.1174 -0.473295
2346 44.9653 58.2828 0.832153
2348 64.3472 59.0881 0.998463
2350 76.0108 60.2896 0.574971
2352 67.6487 79.5517 -0.994547
2354 97.9567 2.34361 -0.537368
2356 76.6649 99.112 0.954105
2358 76.9009 67.9924 0.997681
2360 10.0341 1.21984 -0.572291
2362 71.9024 71.6724 0.346912
2364 83.6184 27.2359 0.933692
2366 3.28645 44.0642 -0.144352
2368 58.9655 36.1816 0.662933
2370 96.1304 10.9725 0.95179
2372 75.1551 26.6879 -0.240753
2374 18.1829 96.3934 -0.618394
2376 49.4349 3.18926 -0.738358
2378 71.4073 42.7586 0.750825
2380 7.54416 16.1283 0.952387
2382 96.1122 38.5345 0.957212
2384 79.4141 96.8741 -0.767077
2386 81.1198 20.5354 -0.532544
2388 52.7429 36.9902 0.616407
2390 88.1835 28.5312 0.217202
2392 97.2697 92.9532 0.119425
2394 66.4622 73.6598 -0.46955
2396 4.75046 12.0571 -0.999275
2398 94.5452 1.13241 0.293089
2400 92.5251 80.3338 -0.988483
2402 47.5242 90.9919 -0.389662
2404 19.849 67.4901 0.841159
2406 49.0569 1.29076 -0.935112
2408 58.9858 68.3211 0.647599
2410 99.6406 34.1335 -0.777285
2412 68.0669 68.5251 -0.866479
2414 26.0114 18.4689 0.769864
2416 75.397 86.1531 -0.00126626
2418 34.6461 40.2747 -0.0884427
2420 4.99593 47.6792 -0.960071
2422 57.5606 61.4007 0.847878
2424 6.71841 29.6507 0.421618
2426 58.2546 85.2551 0.990881
2428 25.3635 27.8383 0.228677
2430 36.3096 57.4981 -0.983613
2432 19.8682 3.33291 0.851387
2434 11.968 68.9555 -0.563317
2436 41.319 38.0801 -0.460264
2438 76.1505 57.4012 0.683315
2441 16.5197 50.2717 -0.725469
2442 54.3651 42.7463 -0.818031
2444 24.3421 51.4059 -0.710783
2446 84.358 96.8076 0.448457
2448 39.2741 63.0929 0.999991
2450 94.3816 11.3361 0.13343
2452 48.6507 51.9195 -0.999034
2454 50.7071 8.79282 0.427385
2456 74.9134 67.7294 -0.466015
2458 20.2564 39.9808 0.986586
2460 10.0998 90.3304 -0.624927
2462 69.255 45.026 0.139497
2464 82.1834 7.6445 0.481209
2466 72.7664 40.7077 -0.487968
2468 96.718 37.3268 0.622098
2470 92.3837 19.3587 -0.957305
2472 59.2369 7.83158 0.43795
2474 91.2109 98.0344 -0.1045
2476 51.7014 53.4038 0.990922
2478 2.87694 33.6761 0.261577
2480 7.85606 55.2981 0.999998
2482 47.8835 84.7023 -0.688651
2484 40.3921 40.0366 0.43367
2486 19.7486 65.0576 0.782752
2488 43.9808 66.3764 -0.00152478
2490 1.39954 18.2441 0.985371
2492 42.1612 7.64081 -0.968834
2494 59.6902 9.66647 5.78829e-05
2496 44.7414 21.9916 0.688256
2498 27.9734 86.4663 0.296371
2500 88.5159 34.1576 0.52382
2502 32.5793 12.2411 0.918139
2504 45.9037 5.53698 0.939152
2506 75.1048 55.0344 -0.289224
2508 85.1561 56.4608 -0.326997
2510 24.065 28.4239 -0.876126
2512 33.5406 90.6747 0.850503
2514 36.0868 47.6473 -0.999138
2516 92.4686 2.47257 -0.978368
2518 23.5383 66.2479 -0.99972
2520 47.3922 6.78352 -0.265086
2522 19.7119 5.99844 0.759348
2524 90.8463 33.3531 0.257005
2526 76.3838 76.9047 0.833579
2528 97.4581 6.96326 -0.0686519
2531 6.00405 63.364 -0.275525
2533 27.8729 87.1102 0.390711
2535 81.8861 64.3751 0.203312
2537 11.3386 15.6251 -0.941732
2539 73.847 0.542546 -0.999809
2541 77.1058 23.5919 0.990654
2543 4.95052 1.0317 -0.97178
2545 86.2145 38.6412 -0.983968
2547 55.4698 33.607 -0.881417
2549 23.6894 4.38712 -0.991888
2551 80.8304 4.10251 -0.751925
2553 68.3568 79.6771 -0.687644
2555 20.1748 75.4722 0.969995
2557 32.7503 39.8788 0.972186
2559 6.36006 26.374 0.0767952
2561 48.8883 62.8488 -0.98131
2563 38.6059 21.8682 0.787559
2565 56.1249 18.095 -0.411213
2567 20.4733 95.5115 0.998599
2569 95.5527 16.9615 0.964868
2571 79.0009 61.2585 -0.444962
2572 1.09487 43.8482 0.888871
2574 5.52877 97.0575 -0.684861
2576 63.5927 89.0657 0.689503
2578 14.2208 43.3972 0.996506
2580 93.1884 93.8386 -0.872042
2582 53.5981 58.8814 -0.189869
2584 30.0633 31.6422 -0.976297
2586 13.9398 28.1266 0.98059
2588 17.1265 97.3685 -0.988431
2590 16.4717 7.94367 -0.691598
2592 82.418 19.6611 0.6718
2594 10.3148 20.908 -0.777075
2596 73.6272 58.0017 -0.980026
2598 20.6816 99.1332 0.966071
2600 94.4528 34.0801 0.203578
2602 41.5925 22.6102 -0.682961
2604 81.1905 3.20832 -0.471426
2606 68.2645 46.0275 -0.751603
2608 76.8826 34.487 0.99627
2610 0.465626 59.3939 0.448982
2612 29.1307 70.6972 -0.755437
2614 75.5742 41.7791 0.175044
2616 58.9999 57.0686 0.636816
2618 18.3986 8.99698 -0.435868
2620 85.8721 29.3007 -0.866956
2622 94.7434 39.5602 0.475618
2624 43.0922 68.2774 -0.777127
2626 42.9573 70.1106 -0.854736
2628 24.9649 87.5819 -0.167018
2630 17.76 42.8052 -0.886416
2632 51.0953 34.2394 0.737834
2634 21.1561 43.8044 0.74131
2636 5.11754 43.8771 -0.919044
2638 7.75765 26.9291 0.995364
2640 27.422 15.3389 0.752838
2641 66.5569 71.5881 -0.550904
2643 47.8601 92.3672 -0.671472
2645 56.7981 99.0872 0.246888
2647 5.97153 79.5897 -0.306637
2649 5.24758 67.8398 -0.860174
2651 14.9623 92.4249 0.678447
2653 68.1177 46.0762 -0.840014
2655 13.5859 45.4683 0.851852
2657 51.6883 83.4695 0.989064
2659 93.2257 73.0883 -0.853196
2661 96.6084 10.0595 0.703989
2663 72.0347 19.9057 0.220134
2665 2.17298 10.4716 0.824103
2667 28.5789 66.086 -0.299866
2669 92.4723 34.5685 -0.979132
2671 80.0889 26.875 -0.999764
2673 64.3508 24.9078 0.998656
2675 85.6885 13.7554 -0.76143
2677 97.3663 67.931 0.0231003
2679 31.0216 1.89931 -0.384222
2681 58.4363 49.8201 0.950222
2683 87.777 80.2379 -0.18648
2685 52.5529 8.26751 0.754047
2687 82.0779 93.4198 0.386156
2689 71.0975 11.5341 0.916457
2691 22.996 74.9024 -0.844072
2693 4.87778 7.84005 -0.986354
2695 13.6485 10.8082 0.88294
2697 11.0431 7.20374 -0.998872
2699 56.2474 45.9676 -0.296736
2701 92.824 80.9762 -0.989213
2703 30.0527 59.5065 -0.978528
2705 70.4653 58.987 0.975779
2707 51.4386 50.8953 0.921952
2709 7.34651 4.44744 0.873974
2711 2.58407 66.0778 0.529085
2713 40.3841 58.4296 0.440876
2715 42.7164 51.9155 -0.953866
2717 88.4121 33.5237 0.432695
2719 89.4789 89.5036 0.998403
2721 31.5635 92.3168 0.147024
2724 63.8779 82.7425 0.865429
2726 50.2349 82.0625 -0.0305455
2728 38.9157 68.1291 0.937906
2730 67.3761 83.324 -0.9859
2731 36.1277 79.4571 -1
2733 11.4753 62.1152 -0.887099
2735 21.9462 98.0893 0.0448944
2737 78.9492 93.8509 -0.398074
2739 20.8314 83.5381 0.916694
2741 78.9073 19.4777 -0.359229
2743 27.9707 4.39712 0.299034
2745 10.3482 79.6796 -0.797644
2747 40.6623 1.3729 0.177501
2749 49.613 11.8994 -0.607191
2751 91.7656 69.8491 -0.612617
2753 22.4617 67.2736 -0.453401
2755 90.209 54.1068 0.781598
2757 74.3538 7.3822 -0.864658
2759 26.0705 89.5274 0.806256
2761 3.38844 38.4433 -0.244345
2763 24.381 13.0863 -0.682893
2765 89.1435 95.4214 0.924185
2767 44.1697 15.2261 0.186328
2769 85.2723 61.5464 -0.434368
2772 79.5918 45.4314 -0.868428
2774 32.2679 88.5574 0.752573
2776 18.4926 59.2705 -0.349387
2778 43.3768 61.5727 -0.569165
2780 20.1646 27.9774 0.967479
2782 33.5872 92.9111 0.825057
2784 82.5279 96.9386 0.748937
2786 23.6429 0.0537131 -0.996727
2788 98.6731 65.3374 -0.959068
2790 82.9003 20.8989 0.938716
2792 30.177 41.1387 -0.945427
2794 98.0326 53.4336 -0.599772
2796 16.4338 33.4289 -0.66374
2798 98.9754 59.3534 -0.999884
2800 23.0084 39.8349 -0.85065
2802 85.2713 95.1691 -0.433445
2804 98.1066 87.3435 -0.657313
2806 93.2078 20.6651 -0.86241
2808 74.8281 46.1496 -0.539729
2810 65.1052 21.7114 0.763215
2812 60.1276 78.9969 -0.423528
2814 31.7272 81.1244 0.306297
2816 45.3747 31.7481 0.984131
2818 49.9762 70.0406 -0.285286
2820 58.8904 15.7082 0.71725
2822 42.2629 43.0734 -0.988984
2824 76.6729 72.6722 0.956476
2826 42.3539 52.1896 -0.998341
2828 15.9477 13.2991 -0.237412
2830 19.4134 49.5879 0.534456
2832 81.7491 60.4222 0.0676171
2834 16.8301 40.8102 -0.901031
2836 51.7532 12.9296 0.996554
2838 91.1002 66.8906 0.00599333
2840 99.1191 97.6374 -0.987401
2842 24.072 12.5354 -0.872739
2844 80.4806 97.0097 -0.932335
2846 92.1561 5.5246 -0.867361
2848 85.1961 82.2091 -0.364485
2850 78.8694 30.3639 -0.32361
2852 29.5715 64.0283 -0.962804
2854 79.7147 65.8394 -0.922639
2856 13.7442 5.64648 0.92378
2858 68.8383 5.43836 -0.273258
2860 53.8672 18.0118 -0.444072
2862 77.1669 68.4253 0.980495
2864 52.9077 41.7142 0.478849
2866 76.1699 86.1274 0.697339
2868 17.758 11.6214 -0.887334
2870 65.3803 42.5461 0.558982
2872 46.3583 79.8286 0.692936
2874 16.028 62.3185 -0.314626
2876 15.8675 87.2067 -0.158839
2878 39.1505 93.3162 0.992878
2880 22.2716 17.0499 -0.276745
2882 32.3587 89.5659 0.809182
2884 67.2748 16.9409 -0.963913
2886 46.125 11.8196 0.840879
2888 42.284 87.451 -0.991886
2890 57.1293 58.1546 0.548542
2892 6.73182 70.8019 0.433737
2894 53.7492 47.1411 -0.335493
2896 0.531485 37.2288 0.506814
2898 5.63526 83.9913 -0.603536
2900 68.721 19.3038 -0.38389
2902 25.6833 28.4216 0.523157
2904 47.3116 79.2042 -0.186568
2906 36.8376 3.62356 -0.758835
2908 15.8685 1.88421 -0.159859
2910 88.1561 52.723 0.190316
2912 1.1591 53.915 0.916443
2914 90.9205 26.2687 0.184642
2916 85.6336 36.3206 -0.724688
2918 92.8624 55.1076 -0.982858
2920 65.6586 91.3544 0.309663
2922 31.3621 67.0759 -0.0537931
2924 42.8102 30.8372 -0.921561
2926 60.8784 17.2383 -0.927685
2928 75.686 34.5629 0.283838
2930 84.2301 99.5373 0.558732
2932 84.0548 59.8629 0.694874
2934 28.0511 12.238 0.221362
2936 5.85189 63.9427 -0.418052
2938 89.3629 59.2803 0.98516
2940 68.0674 44.3038 -0.866231
2942 78.593 5.95626 -0.0531528
2944 6.05089 4.27607 -0.230214
2946 86.494 8.08287 -0.994983
2948 34.1531 53.7101 0.39346
2950 64.4921 26.0616 0.996001
2952 55.4127 7.04428 -0.906963
2954 84.9029 55.4732 -0.079861
2956 58.0789 85.9561 0.999177
2958 98.1939 45.4563 -0.720536
2960 40.6422 83.708 0.197252
2962 90.9654 2.00069 0.140344
2964 93.0746 11.7969 -0.92199
2966 23.514 71.0675 -0.998851
2968 59.6072 60.9209 0.0829875
2970 46.1488 40.7757 0.827778
2972 47.5233 28.219 -0.38887
2974 26.8761 46.73 0.985155
2976 99.4116 46.5248 -0.89983
2978 27.8946 33.4844 0.370648
2980 93.973 57.5122 -0.271367
2982 99.0064 68.1199 -0.99893
2985 90.9551 19.5921 0.150514
2987 25.297 16.012 0.163512
2989 22.1413 19.5748 -0.149611
2991 55.3717 39.609 -0.923464
2993 82.8579 51.2705 0.923257
2995 19.1596 63.9072 0.305112
2997 0.138995 40.819 0.138548
2999 27.3254 1.9067 0.812783
3001 98.5476 60.9667 -0.916106
3003 91.9757 84.7751 -0.764012
3005 77.4745 53.8946 0.874928
3007 61.7716 41.0579 -0.872474
3009 56.0457 92.8411 -0.482066
3011 43.5535 23.206 -0.415756
3013 42.5829 85.0785 -0.985349
3015 19.7213 34.036 0.765484
3017 19.5691 30.6906 0.659035
3019 70.295 5.68812 0.924594
3021 21.882 36.5688 0.108962
3023 49.7014 16.9614 -0.534611
3025 55.2895 25.1448 -0.951851
3027 67.4997 64.9826 -0.999009
3029 45.3227 56.9984 0.973576
3031 72.4856 61.1385 -0.226959
3032 18.4337 1.09659 -0.403953
3034 6.12823 13.7383 -0.154341
3036 92.0217 61.019 -0.79286
3038 31.5832 18.6542 0.166487
3040 18.0801 88.4499 -0.695729
3042 16.2156 40.8994 -0.486115
3044 43.7871 6.36259 -0.19395
3046 98.9433 93.2888 -0.999857
3048 23.6742 44.7997 -0.993707
3050 69.9241 22.9816 0.723614
3052 34.0228 84.325 0.509587
3054 98.7324 88.4008 -0.974163
3056 20.0586 63.7052 0.935295
3058 91.817 30.2699 -0.65247
3060 64.2238 0.674592 0.984057
3062 73.1184 18.0499 -0.759014
3064 87.4814 21.2934 -0.464567
3066 32.4517 62.6599 0.860243
3068 83.7134 51.0739 0.89551
3070 32.8131 2.04663 0.984967
3072 30.6114 59.6238 -0.720513
3074 56.9263 51.1024 0.368712
3076 23.7309 5.24838 -0.985769
3078 75.5296 70.6999 0.131033
3080 77.0491 12.118 0.996792
3082 47.1084 26.9844 0.0155107
3084 24.2946 76.5556 -0.743424
3086 92.965 43.8527 -0.958804
3088 85.4874 64.2808 -0.616581
3090 88.8364 85.4119 0.765495
3091 2.74605 84.8314 0.385314
3093 42.3765 35.0061 -0.999386
3095 17.8539 71.2091 -0.8391
3097 68.8004 3.41768 -0.309476
3099 83.5126 93.772 0.966287
3101 16.1033 56.2386 -0.385093
3103 68.9727 63.2092 -0.141882
3105 74.422 0.122492 -0.828404
3107 24.9412 94.1193 -0.190383
3109 36.7961 56.791 -0.785217
3111 78.2747 23.8241 0.262026
3113 6.0693 41.3118 -0.212258
3115 88.2638 98.0107 0.294739
3117 32.7703 92.6327 0.976681
3119 90.5686 62.957 0.512058
3121 11.6595 2.39637 -0.78759
3123 84.0851 83.8762 0.672773
3125 91.7155 51.0237 -0.572289
3127 67.8229 54.1219 -0.961424
3130 5.48728 27.79 -0.714497
3132 58.0256 70.4074 0.995594
3134 21.3289 56.1189 0.614876
3136 54.6961 89.0706 -0.960574
3138 86.4364 66.8923 -0.999094
3140 73.2391 70.7317 -0.83188
3142 11.5663 80.5296 -0.841507
3144 73.4122 33.9176 -0.915034
3146 33.8642 44.9926 0.63909
3148 64.7154 87.1692 0.951504
3150 44.4117 73.9729 0.416306
3152 54.747 36.5005 -0.973466
3154 29.6736 9.88673 -0.985317
3156 53.8565 13.2948 -0.434453
3158 16.2031 25.5601 -0.475166
3160 73.2479 67.6843 -0.836746
3162 81.3544 92.1053 -0.321247
3164 91.976 70.3907 -0.764184
3166 16.7579 95.9848 -0.867376
3168 35.6564 52.8672 -0.890718
3170 85.2396 47.8078 -0.404625
3172 12.799 51.8538 0.230529
3174 34.2216 93.7914 0.329679
3176 12.5359 60.6027 -0.0304175
3178 66.3209 38.1874 -0.340491
3180 59.2643 64.1467 0.413211
3182 42.4028 14.7057 -0.999962
3184 34.4532 10.5119 0.104149
3186 7.6619 79.4916 0.981608
3188 20.3884 99.581 0.999491
3190 71.2964 60.0572 0.819326
3192 33.476 46.1892 0.882679
3194 53.2889 64.3668 0.117917
3196 9.57848 86.0238 -0.153102
3198 66.7311 88.7302 -0.68723
3200 17.4799 97.9607 -0.979844
3202 51.1368 8.65335 0.765192
3204 20.8887 30.7242 0.892311
3206 80.4187 30.7736 -0.952907
3208 80.5191 94.0505 -0.917714
3210 20.3614 20.3512 0.998263
3212 10.7367 47.4919 -0.966671
3214 33.0895 13.0322 0.994725
3216 99.8891 98.2559 -0.598666
3218 9.20345 1.23905 0.219522
3220 39.1737 52.5771 0.995374
3222 1.64911 41.5871 0.996935
3224 79.3247 25.128 -0.706755
3226 19.003 8.73221 0.152803
3228 53.2246 83.168 0.181481
3230 38.8188 31.227 0.899984
3232 21.5564 43.0862 0.421204
3234 87.2625 66.21 -0.645847
3236 31.2045 3.23067 -0.209863
3238 51.3793 58.623 0.897386
3240 71.796 80.2585 0.444545
3242 28.1544 42.374 0.119631
3244 49.7647 62.3029 -0.48009
3246 59.2038 87.5344 0.46748
3248 30.2198 37.6026 -0.930636
3250 64.2088 6.46248 0.98127
3252 79.1666 42.4272 -0.586564
3254 62.5102 7.68353 -0.316116
3256 3.97221 69.4017 -0.738346
3258 52.9244 80.0154 0.464188
3260 8.7911 20.2056 0.59211
3262 3.758 90.0143 -0.578111
3265 78.7437 99.9608 -0.202508
3267 97.486 67.8851 -0.0964486
3269 13.8675 95.5679 0.963849
3271 59.0198 21.8746 0.621374
3273 5.9022 48.2518 -0.371832
3275 94.8828 46.0821 0.593219
3277 8.12358 72.0922 0.963879
3279 82.8218 95.4581 0.908811
3281 78.8566 6.13217 -0.311548
3283 52.2024 77.7181 0.933741
3285 58.4237 13.3724 0.954086
3287 73.7508 59.3047 -0.997065
3289 92.1919 71.7012 -0.88465
3291 19.6484 34.9158 0.716584
3293 93.3184 82.758 -0.801228
3295 20.9882 25.5406 0.843042
3297 76.2191 4.97078 0.731716
3299 57.8027 92.0471 0.950244
3301 75.7249 41.9179 0.320911
3303 55.2067 74.1082 -0.973944
3305 81.7387 59.2016 0.0572461
3307 51.3894 18.8775 0.901782
3309 83.0819 95.3525 0.985528
3311 73.134 90.4921 -0.769061
3313 30.0214 34.1905 -0.9845
3315 80.3235 82.0262 -0.977428
3317 71.1615 20.3129 0.888968
3319 7.08463 67.8845 0.718362
3321 24.7303 68.5071 -0.39171
3323 45.116 59.2542 0.906
3325 74.8096 86.032 -0.555223
3327 43.9212 30.2989 -0.0610882
3329 62.8009 7.72697 -0.0309541
3331 85.6834 4.30476 -0.758123
3333 1.73182 6.35956 0.987063
3335 44.3458 10.1402 0.355522
3337 0.781941 21.9299 0.704658
3339 14.2156 23.3848 0.996928
3341 43.4459 78.3374 -0.511071
3343 47.5759 23.719 -0.436737
3345 20.84 79.2604 0.913253
3347 56.9977 89.6021 0.434118
3349 50.8615 31.6504 0.561355
3351 74.113 1.63873 -0.959495
3353 62.2869 22.4229 -0.518338
3355 36.9747 75.1552 -0.662707
3357 0.483513 99.8279 0.464892
3359 70.8094 88.6438 0.99238
3361 62.0982 23.5484 -0.669593
3363 90.2316 7.97526 0.767305
3365 17.0722 31.8519 -0.978751
3367 8.73838 70.5077 0.633757
3369 13.4394 32.0519 0.766272
3371 70.6939 82.4116 0.999968
3373 40.6985 38.376 0.141702
3374 30.9506 14.3511 -0.448712
3376 21.9317 79.0071 0.0593878
3378 73.902 5.82424 -0.997221
3380 55.3978 54.9914 -0.913104
3383 46.9048 15.7289 0.217355
3385 96.3586 90.1393 0.857694
3387 61.6678 87.583 -0.918421
3389 31.2184 57.7397 -0.1962
3391 99.7239 65.6156 -0.722231
3393 57.6132 30.1352 0.874569
3395 33.434 63.729 0.901616
3397 83.1328 61.5808 0.992878
3399 66.2168 81.6527 -0.240939
3401 14.4398 45.1856 0.954544
3403 70.838 97.0829 0.98845
3405 70.1197 61.2896 0.843978
3407 63.5572 95.5783 0.663363
3409 59.262 95.4001 0.415324
3411 42.7394 72.7335 -0.946714
3413 8.73258 62.116 0.63823
3415 92.5597 59.4214 -0.993136
3417 81.5202 68.4991 -0.160549
3419 90.0879 35.8187 0.85122
3421 93.495 73.7719 -0.683663
3423 64.2407 88.0553 0.986915
3425 29.9085 27.3327 -0.997991
3427 61.5309 31.8143 -0.963815
3429 69.4635 78.6673 0.341422
3431 82.2096 21.4484 0.503972
3433 9.7594 40.4269 -0.328414
3435 16.0708 4.31538 -0.354922
3437 91.6674 17.555 -0.532217
3439 48.3776 56.5825 -0.950159
3440 41.4567 80.9807 -0.577735
3442 96.8771 28.729 0.490155
3444 29.7144 2.735 -0.991465
3446 27.4548 44.9986 0.730802
3448 43.223 26.1105 -0.68843
3450 22.664 91.3132 -0.623198
3452 41.7721 30.7664 -0.802449
3454 33.1124 74.7149 0.99211
3456 28.7449 73.1161 -0.453354
3459 87.0164 33.5139 -0.812356
3461 48.206 53.1184 -0.882957
3463 3.37831 85.5826 -0.234509
3465 10.3919 6.24703 -0.823256
3467 28.3323 92.1438 -0.0579404
3469 86.9745 10.4316 -0.836059
3471 50.0734 80.5175 -0.190928
3473 42.1433 36.1662 -0.964243
3475 68.1365 43.8154 -0.829706
3477 50.1007 71.777 -0.163994
3479 79.5192 87.2222 -0.830137
3481 19.8126 40.2895 0.820936
3483 80.9918 57.8199 -0.6362
3485 94.228 58.7933 -0.019795
3487 88.5301 22.833 0.535816
3489 7.59337 74.0926 0.966234
3491 33.6005 51.2653 0.817466
3493 7.66428 7.2473 0.982061
3494 34.2911 78.583 0.263299
3496 47.3491 33.5101 -0.223316
3498 40.1255 58.5562 0.655773
3500 77.2884 60.8528 0.949444
3502 35.2568 60.4214 -0.643697
3504 36.4091 72.3901 -0.96085
3506 97.2252 15.7074 0.163456
3508 71.6323 95.7034 0.584547
3510 25.1181 92.7653 -0.0146706
3512 10.1264 90.3133 -0.645442
3514 85.7246 60.4953 -0.784338
3516 30.5941 65.6611 -0.732365
3518 47.5449 59.5752 -0.408641
3520 99.3454 83.7062 -0.926708
3522 1.7154 11.6101 0.989563
3524 40.6827 14.1127 0.157347
3526 72.7847 89.1138 -0.503841
3528 94.0105 67.4864 -0.235047
3530 96.4311 35.9515 0.81822
3532 30.8462 37.4962 -0.539429
3534 77.9729 1.87864 0.537054
3536 85.6088 29.9009 -0.707408
3538 3.69793 66.7347 -0.528076
3540 72.8427 52.2868 -0.55307
3542 24.5999 72.0304 -0.507983
3544 83.5334 85.7742 0.960734
3546 89.9859 28.1599 0.900237
3547 54.8232 74.1286 -0.988062
3549 97.0365 5.08633 0.345587
3551 51.6566 67.8458 0.98391
3553 17.4839 23.4421 -0.97904
3555 0.271095 12.8905 0.267786
3557 37.938 93.6437 0.236636
3559 45.9491 19.2916 0.922622
3561 41.153 64.7905 -0.307229
3563 9.34036 5.24988 0.0843153
3565 0.665825 49.5654 0.617708
3567 74.9414 54.0936 -0.441065
3569 7.20704 60.9691 0.797929
3571 39.8238 5.30142 0.850501
3573 22.31 32.5079 -0.313458
3575 36.1617 96.5198 -0.999443
3577 75.9003 74.1671 0.481264
3579 73.8366 8.21441 -0.999958
3581 50.4849 96.1403 0.217635
3583 63.2729 85.6274 0.426842
3585 53.037 82.8563 0.361663
3587 90.8302 72.8427 0.272481
3589 51.8761 44.164 0.999206
3591 4.08039 59.115 -0.80685
3593 59.2743 98.457 0.404034
3595 61.3407 6.11431 -0.996833
3597 18.0507 58.7476 -0.716567
3599 94.47 8.83834 0.220402
3601 71.2991 31.3121 0.81775
3603 87.7916 54.1855 -0.172173
3605 64.1447 68.0425 0.966909
3607 70.7739 90.7875 0.996122
3609 77.1701 43.4806 0.979843
3611 65.8228 28.9802 0.150065
3613 35.0527 70.381 -0.475204
3615 84.293 33.3015 0.505493
3617 70.1763 98.2302 0.872975
3619 89.6481 82.4374 0.99365
3621 91.612 83.3656 -0.484513
3623 14.1602 35.8841 0.999735
3625 58.1378 35.2582 0.999832
3627 50.5311 99.4291 0.262525
3629 61.6574 76.4067 -0.922466
3631 61.0893 60.9809 -0.985289
3633 92.2664 85.4329 -0.916908
3635 88.1637 33.3238 0.197792
3637 15.4046 36.8491 0.298727
3639 15.3373 85.5207 0.362238
3641 15.8634 56.9104 -0.154811
3643 19.2662 26.6402 0.404648
3645 96.9089 75.0264 0.462209
3647 72.0303 0.56892 0.224435
3649 51.7288 75.3013 0.994228
3651 71.3531 70.9585 0.785511
3653 32.4227 13.4661 0.845085
3655 80.3643 92.845 -0.967996
3657 47.3374 80.0211 -0.21187
3659 85.775 55.5612 -0.81455
3661 79.9736 81.3818 -0.990628
3663 9.05463 92.9426 0.361752
3665 33.2685 93.1559 0.960562
3667 31.2542 0.676273 -0.161033
3669 71.946 24.411 0.305628
3671 71.8921 8.64575 0.356488
3674 4.29036 46.018 -0.91226
3676 89.5173 52.9887 0.999836
3678 8.42006 43.9367 0.844011
3680 83.7815 66.3315 0.863172
3682 56.9397 49.9677 0.381189
3684 6.80257 61.968 0.496345
3686 94.8754 25.268 0.587209
3688 97.8454 97.2007 -0.440373
3690 90.2498 93.2856 0.755477
3692 61.0241 95.9523 -0.972054
3694 22.0324 46.6012 -0.0412569
3696 68.2011 86.4103 -0.791916
3698 33.7671 84.2855 0.71068
3700 1.2553 43.7756 0.950643
3702 39.8934 6.52759 0.811834
3704 40.018 20.8679 0.732961
3706 39.6482 51.7497 0.929303
3708 13.0369 3.44926 0.453334
3710 96.9646 23.8945 0.412116
3712 73.4705 72.531 -0.936984
3714 25.9735 23.8008 0.745177
3716 48.8883 77.2778 -0.98131
3718 17.4462 4.90401 -0.986021
3720 16.7243 14.1362 -0.850193
3722 54.2929 59.5875 -0.77441
3724 3.70671 63.2688 -0.535516
3726 55.0855 47.8128 -0.994215
3728 29.0701 13.6686 -0.714373
3730 86.7682 48.5012 -0.930733
3732 5.50782 75.1638 -0.699975
3734 14.0563 72.8791 0.99673
3736 82.2031 67.7387 0.498378
3738 69.8891 43.9916 0.699035
3740 56.9161 55.9957 0.359239
3742 27.078 73.7419 0.930712
3743 25.0563 63.7464 -0.0763244
3745 22.649 36.8191 -0.611428
3747 69.797 93.5541 0.630316
3749 72.7017 10.174 -0.430539
3751 69.991 45.5458 0.768184
3753 96.217 12.5631 0.921659
3755 99.5072 42.8995 -0.854075
3758 33.1021 20.4778 0.993349
3760 33.0594 63.3801 0.997362
3762 67.6319 94.1659 -0.996162
3764 80.7912 45.5584 -0.777224
3766 47.5098 70.2342 -0.376428
3768 15.7268 44.5536 -0.0187922
3770 35.1256 60.0046 -0.537992
3772 60.8158 67.1455 -0.902496
3774 55.0908 4.06632 -0.99363
3776 50.3709 87.1126 0.105206
3778 24.0379 25.8342 -0.888877
3780 46.8427 95.6945 0.277482
3782 35.8463 89.9666 -0.960487
3784 66.8732 0.154008 -0.783185
3786 38.208 97.1048 0.487233
3788 77.132 96.5427 0.986754
3790 59.9643 28.5926 -0.270577
3792 20.5094 94.1782 0.996041
3794 54.1839 23.5642 -0.700986
3796 26.1666 92.731 0.859277
3798 59.3208 63.2762 0.361126
3800 76.585 33.5776 0.92717
3802 2.82599 16.6724 0.310389
3804 91.5901 35.4885 -0.46528
3806 33.0066 90.958 0.999803
3808 94.9095 95.1409 0.614481
3810 27.5456 52.568 0.665955
3812 63.8014 58.6211 0.824603
3814 96.1696 4.88221 0.939036
3816 82.1086 98.9453 0.414288
3818 92.9547 5.14276 -0.96168
3820 15.3456 29.9458 0.354465
3822 59.7537 41.3661 -0.0633692
3824 39.1672 59.2393 0.994726
3826 59.4962 73.6125 0.192832
3828 58.4919 68.5226 0.931452
3830 43.9772 65.2567 -0.0050802
3832 71.7374 32.0564 0.496237
3834 79.4411 16.3333 -0.784097
3836 15.1552 71.1148 0.525057
3837 68.7331 8.49587 -0.372713
3840 49.5283 8.44059 -0.672219
3842 39.3054 1.72516 0.99937
3844 90.4377 17.7771 0.619803
3846 73.7589 18.0009 -0.997654
3848 74.283 99.9379 -0.898004
3850 88.312 45.3662 0.340474
3852 71.9303 56.3627 0.320609
3854 87.0112 28.0174 -0.815396
3856 3.75151 64.9443 -0.572801
3858 7.26013 13.2688 0.828794
3860 83.8909 99.5284 0.802877
3862 16.7639 6.36064 -0.870382
3864 60.6717 28.3916 -0.831289
3866 66.7349 96.1554 -0.689999
3868 19.714 18.5572 0.76073
3870 72.4888 81.345 -0.230053
3872 20.4877 42.1172 0.997732
3874 82.3434 68.9336 0.614695
3876 61.8131 36.8797 -0.851445
3879 13.4869 97.5724 0.795952
3881 69.2807 95.106 0.164934
3883 42.8924 34.7994 -0.886563
3884 70.1644 91.9621 0.867122
3886 78.8351 10.0668 -0.291011
3888 88.9761 17.3153 0.847647
3890 97.4706 90.8169 -0.0810987
3892 23.5171 77.0268 -0.998995
3894 1.84803 95.2338 0.961816
3896 47.3968 64.511 -0.269565
3898 34.6323 85.248 -0.074724
3900 27.1373 58.4208 0.90741
3902 87.0367 20.7322 -0.800375
3904 49.7908 37.4143 -0.457042
3906 76.9805 14.3004 0.999934
3908 77.623 78.1535 0.793665
3910 4.52106 39.0756 -0.981752
3912 28.9517 67.5005 -0.626768
3914 55.0805 22.082 -0.99474
3916 89.2035 35.9602 0.945415
3918 42.5157 54.9556 -0.994574
3920 16.9025 14.7229 -0.930049
3922 45.5535 5.71903 1
3924 13.4556 55.1544 0.776573
3926 73.2789 48.1814 -0.85327
3928 63.7513 65.4399 0.795291
3930 41.1757 51.9122 -0.328768
3932 70.2075 98.5566 0.887785
3934 23.8787 2.6664 -0.950237
3936 60.5224 70.2039 -0.73934
3938 72.3663 14.2936 -0.109433
3940 39.9651 65.3709 0.767924
3942 90.3535 23.7341 0.683626
3944 48.3402 69.6196 -0.937808
3946 80.4176 6.53125 -0.953235
3948 12.8147 18.3908 0.245785
3950 68.2385 45.9893 -0.768537
3952 70.4448 4.48563 0.971085
3954 39.017 89.7195 0.968198
3956 53.0357 85.6323 0.362901
3958 28.9846 38.9621 -0.652057
3960 70.9881 40.6985 0.954675
3962 88.9688 9.22889 0.843718
3964 54.6674 8.93921 -0.952198
3966 96.0207 35.9596 0.97965
3968 83.3709 48.7743 0.99296
3970 27.546 27.4743 0.66566
3972 9.47704 68.9089 -0.0522411
3974 18.2268 51.4588 -0.583307
3976 29.9883 81.0478 -0.989774
3978 64.5365 41.3428 0.991052
3980 12.9648 60.282 0.387937
3982 94.9485 18.4138 0.644801
3984 99.6058 44.6207 -0.798709
3986 28.8379 44.8165 -0.534177
3988 8.07321 23.0956 0.976066
3990 99.5056 16.8591 -0.854896
3992 15.0827 10.8266 0.585348
3995 9.00454 71.2588 0.407981
3997 28.2966 71.8407 -0.0223088
3999 42.0456 53.2664 -0.933816
4001 53.781 98.4511 -0.365229
4003 24.4237 42.0549 -0.651083
4005 36.8111 99.2527 -0.77585
4007 96.8824 75.1284 0.485564
4009 7.06278 27.5236 0.70299
4011 16.836 94.2085 -0.903562
4013 16.6109 30.8537 -0.785166
4015 23.6332 36.8889 -0.997466
4017 28.8384 26.1034 -0.534598
4019 51.2795 26.3495 0.848963
4021 81.3376 44.6708 -0.337078
4023 28.7218 89.9935 -0.43266
4024 31.1946 60.6457 -0.219534
4026 77.2961 79.6034 0.946984
4028 18.9997 27.2244 0.149548
4030 39.37 94.5686 0.994991
4032 18.3994 80.0383 -0.435079
4034 61.7608 3.89224 -0.877728
4036 13.0323 7.25077 0.449284
4038 90.093 53.3906 0.848524
4040 98.4377 96.8363 -0.8666
4042 71.266 5.70717 0.836388
4044 52.9184 24.4347 0.469493
4046 67.3288 84.8469 -0.97688
4048 85.6152 77.4616 -0.711911
4050 98.2394 57.9661 -0.751329
4052 54.9646 39.5311 -0.999912
4054 44.4328 87.6094 0.435423
4056 95.5275 9.36758 0.957935
4058 70.9484 77.1588 0.965721
4060 99.1933 39.2762 -0.97294
4062 83.2058 94.4818 0.998923
4064 95.7496 80.106 0.997622
4066 43.9323 76.3835 -0.0500184
4068 42.1217 76.9286 -0.958308
4070 94.9987 26.8777 0.682303
4072 76.0132 53.0379 0.57694
4075 20.3795 94.2667 0.999166
4077 15.9282 63.7267 -0.218415
4079 33.86 79.4546 0.642322
4081 59.9115 56.3563 -0.219418
4083 71.7403 79.6057 0.493702
4085 9.585 24.0975 -0.15954
4087 83.3826 89.998 0.991514
4089 99.4497 67.9022 -0.882539
4091 79.0563 93.3682 -0.493848
4093 66.7985 96.1911 -0.734587
4095 54.238 57.5597 -0.738554
4097 45.7208 3.78122 0.985976
4099 49.836 30.0137 -0.416393
4101 98.0333 18.7621 -0.600344
4103 46.9303 28.6512 0.192352
4105 90.9882 97.0906 0.117731
4107 62.0324 7.3213 -0.716985
4109 13.3529 5.84991 0.707928
4111 30.0793 50.3566 -0.972708
4113 31.3651 22.4116 -0.0507813
4115 86.4841 86.7129 -0.995924
4117 86.578 50.1289 -0.983086
4119 83.7543 12.3102 0.876572
4121 57.8241 18.6755 0.956696
4123 47.6489 50.0325 -0.501199
4125 45.2935 97.219 0.966484
4127 7.12084 42.5575 0.743075
4129 66.7088 55.1421 -0.67082
4131 34.8334 3.5143 -0.272378
4133 65.8649 25.4204 0.108332
4135 41.8662 2.60174 -0.854992
4137 88.5156 78.3672 0.523562
4139 0.583153 20.106 0.550659
4141 95.8428 31.8322 0.999708
4143 17.4629 30.4957 -0.983095
4145 53.6056 56.3696 -0.197223
4147 37.0832 21.5359 -0.577743
4149 62.9826 43.673 0.150222
4151 39.9489 48.0935 0.778211
4153 8.90814 49.9141 0.493962
4155 85.0928 89.9227 -0.266499
4156 67.3442 8.73138 -0.980067
4158 87.59 76.0092 -0.365863
4160 27.4209 85.3162 0.753536
4162 83.5208 9.63024 0.964148
4164 18.7029 79.5649 -0.146087
4166 40.2471 78.2256 0.559372
4168 35.5778 33.3398 -0.852272
4170 40.937 34.2715 -0.0960984
4172 0.349707 76.1062 0.342623
4174 68.2882 20.2214 -0.73577
4176 9.64904 43.097 -0.222387
4178 95.0425 26.8019 0.713673
4180 22.1489 83.5585 -0.157101
4182 48.8214 72.0824 -0.991985
4184 62.9386 13.8053 0.106502
4186 20.2917 97.2465 0.991738
4188 59.6159 91.6582 0.074248
4190 43.996 63.3315 0.0136846
4192 63.4156 9.28114 0.551113
4194 98.0924 18.3737 -0.646565
4196 26.8064 30.2874 0.994713
4198 70.2529 70.1665 0.907723
4200 54.0348 75.0762 -0.587284
4202 91.02 9.89686 0.0860656
4204 84.42 6.08687 0.392155
4206 20.1772 45.3327 0.970574
4208 87.8196 38.4756 -0.144531
4210 61.1326 79.1208 -0.991758
4212 61.2662 6.3759 -0.999987
4214 69.7979 94.69 0.631001
4216 14.935 85.036 0.698253
4218 92.9492 81.873 -0.963179
4220 67.0849 37.5363 -0.896357
4222 37.4622 74.4656 -0.234742
4224 22.164 95.5168 -0.172028
4226 30.2735 0.025337 -0.909663
4228 85.8903 59.5117 -0.875908
4230 61.0016 25.049 -0.966529
4232 11.5277 0.398183 -0.86174
4234 34.2608 41.0375 0.292346
4236 22.3601 28.4301 -0.360614
4238 91.3531 54.4463 -0.244412
4240 53.4919 27.5074 -0.0847274
4241 20.9711 38.8075 0.852156
4242 68.691 16.3302 -0.411409
4244 76.1474 11.4381 0.681008
4245 83.8615 63.887 0.820064
4247 39.529 83.3057 0.966613
4248 78.5419 96.3975 -0.00209868
4250 49.5158 65.753 -0.681433
4251 12.8436 12.5831 0.27366
4253 43.1667 35.7463 -0.728129
4254 0.949194 54.9184 0.812947
4256 45.3695 6.78005 0.983198
4257 95.5199 61.5436 0.955725
4259 4.7529 6.90561 -0.99918
4260 79.744 52.7692 -0.933535
4262 83.2575 81.1805 0.999986
4263 17.0985 7.79794 -0.983799
4265 23.3844 64.4906 -0.984284
4267 33.0447 98.0366 0.998321
4268 28.9533 56.4042 -0.628014
4270 42.0675 3.01962 -0.941422
4271 22.0686 26.2176 -0.0773448
4273 8.09895 67.659 0.970145
4275 35.1722 88.8062 -0.576712
4276 61.5428 9.0508 -0.960562
4278 40.2072 66.2725 0.592007
4279 30.3963 25.6362 -0.851926
4281 42.1145 1.51989 -0.956206
4282 72.6653 19.457 -0.397365
4284 22.4773 15.2679 -0.467269
4285 90.538 52.2373 0.538068
4287 33.4368 64.3652 0.900435
4289 96.1628 42.7476 0.941345
4290 72.6776 79.5494 -0.408665
4292 47.9185 30.0345 -0.713579
4293 32.1718 52.0576 0.6859
4295 21.9035 14.5072 0.0875225
4296 89.3631 1.23804 0.985194
4298 39.3064 1.4381 0.999333
4299 50.3098 19.265 0.044331
4301 39.5863 56.106 0.950374
4302 78.3988 5.58944 0.140525
4304 84.7186 93.007 0.1042
4305 45.4151 6.33014 0.990489
4307 79.4446 19.0225 -0.786263
4308 60.2088 28.1852 -0.495597
4310 66.2793 38.2258 -0.301081
4312 87.492 69.8721 -0.455183
4313 30.13 8.01181 -0.959702
4315 65.2693 79.7013 0.647413
4316 23.7603 41.5385 -0.980401
4318 58.6448 53.8599 0.865132
4319 66.9573 59.4401 -0.832656
4321 89.6301 66.3427 0.995516
4322 15.7492 57.222 -0.0411806
4324 79.252 80.2777 -0.653466
4325 70.8886 3.18367 0.979522
4327 62.065 99.6589 -0.69385
4328 72.8003 49.3854 -0.517301
4330 30.4383 74.8906 -0.829189
4331 26.6825 70.3979 0.999779
4333 94.5816 43.9898 0.327694
4334 95.1305 19.0613 0.772494
4336 19.0519 37.5737 0.200918
4337 99.0993 36.208 -0.99033
4339 6.72906 38.9055 0.431249
4341 92.1731 42.1195 -0.875726
4342 61.7933 95.5642 -0.861686
4344 70.5181 87.3488 0.98596
4345 4.88377 49.2815 -0.98535
4347 55.3854 9.5617 -0.918112
4348 36.692 25.9761 -0.845311
4350 72.9752 24.7251 -0.658298
4351 1.46781 6.81989 0.994702
4353 90.7995 72.9152 0.301855
4354 65.7068 83.149 0.263532
4356 91.2939 69.0542 -0.186644
4357 9.66772 66.8985 -0.240558
4359 71.8835 63.9905 0.3645
4360 11.1905 79.2898 -0.981065
4362 86.6111 28.1031 -0.976492
4363 83.2253 9.64638 0.999639
4365 37.5144 90.1455 -0.183707
4366 13.8438 54.8699 0.957282
4368 93.6826 12.6916 -0.535548
4369 20.1568 58.8942 0.965464
4371 3.58931 86.4308 -0.432911
4373 24.4181 18.4841 -0.655369
4374 53.8752 72.6339 -0.451246
4376 99.376 88.22 -0.914792
4377 65.3591 27.7355 0.576419
4379 4.79005 58.7342 -0.996986
4380 42.4181 82.9806 -0.999978
4382 90.2556 51.902 0.751653
4383 25.2595 31.4845 0.126379
4385 96.2563 65.8175 0.90573
4387 84.2257 78.1568 0.562445
4388 76.1105 82.7901 0.653574
4390 4.20138 53.8699 -0.872252
4391 63.5163 90.1244 0.632211
4393 10.0658 1.20549 -0.598022
4394 1.84784 94.3245 0.961867
4396 29.6176 12.5916 -0.97422
4397 26.4457 93.4894 0.966942
4399 17.2728 56.0406 -0.999982
4400 97.1446 11.8048 0.242301
4402 54.7952 65.9866 -0.98337
4403 35.9932 13.5925 -0.990885
4405 20.0717 10.346 0.93983
4406 29.8884 82.8587 -0.999064
4408 92.5459 97.2646 -0.991419
4410 64.4355 3.66301 0.999459
4411 58.6505 76.4629 0.862294
4413 52.3909 38.54 0.850112
4414 73.8919 21.4338 -0.997921
4416 6.95867 24.6359 0.625276
4417 20.2107 5.46622 0.978096
4419 27.1982 89.9673 0.88014
4420 29.771 0.885949 -0.997257
4422 79.457 50.7504 -0.793905
4423 92.2585 86.1599 -0.913722
4425 58.3704 44.1225 0.968672
4427 21.2946 10.2176 0.641538
4428 3.43052 7.24752 -0.284921
4430 5.33951 18.0034 -0.809721
4431 13.6406 53.6024 0.879202
4433 50.3696 13.1723 0.103935
4435 24.7087 40.2931 -0.411409
4436 11.1493 16.7726 -0.98821
4438 75.7868 99.6706 0.378871
4439 38.4219 18.2023 0.661496
4441 85.4838 32.7826 -0.613719
4442 98.5592 34.0895 -0.920684
4444 13.2767 54.7087 0.652064
4445 11.3105 2.48875 -0.950827
4447 73.1652 69.2293 -0.788635
4449 38.903 10.2245 0.933453
4450 22.7487 11.7015 -0.687122
4452 99.9039 79.0693 -0.586801
4453 72.8112 8.66109 -0.526593
4455 28.9459 26.6252 -0.62218
4456 11.2249 93.942 -0.973827
4458 67.8871 19.4668 -0.941812
4459 32.6916 16.3684 0.956753
4461 30.2954 43.4388 -0.900351
4462 91.5249 93.6574 -0.406604
4464 24.9434 24.9879 -0.188234
4465 27.5622 81.1773 0.653424
4467 0.738147 18.7179 0.672918
4469 89.4851 77.0506 0.998737
4470 64.4133 45.4041 0.999943
4472 31.3298 48.3838 -0.085976
4473 35.1289 36.722 -0.540754
4475 38.3519 73.404 0.607411
4476 46.6699 15.794 0.43855
4478 86.2461 82.0553 -0.989115
4479 49.8796 33.2952 -0.376373
4481 83.8608 0.818651 0.820477
4482 64.9346 1.18779 0.861834
4484 54.569 44.6611 -0.917579
4485 0.21923 49.2364 0.217478
4487 57.9635 63.0182 0.987859
4489 64.327 52.0587 0.99714
4490 81.0397 24.9097 -0.598576
4492 14.5337 57.5901 0.9224
4493 58.2121 97.901 0.995715
4495 7.8074 64.1103 0.998915
4496 95.9331 26.855 0.993447
4498 93.4832 28.0881 -0.69225
4499 30.7375 94.2781 -0.627551
4501 70.1285 60.6123 0.848643
4502 22.496 66.6284 -0.48369
4504 52.2576 43.9746 0.912543
4505 92.7514 87.9382 -0.997232
4507 33.775 7.00303 0.705068
4509 53.6778 59.1032 -0.267403
4510 34.0478 94.5353 0.487971
4512 31.6097 57.0209 0.192579
4513 63.1932 86.0033 0.35352
4515 71.5258 57.2274 0.66748
4516 92.7812 63.5784 -0.994578
4518 56.8157 44.2787 0.263828
4519 33.0826 3.09017 0.99541
4521 78.8056 26.6555 -0.262695
4522 73.3615 20.2765 -0.893391
4524 30.8884 48.4327 -0.5034
4525 49.9746 42.4309 -0.28679
4527 66.4456 50.636 -0.45484
4529 61.9533 98.3439 -0.769827
4530 0.253828 27.5025 0.251111
4532 88.5465 24.0174 0.549609
4533 32.3012 18.7822 0.774068
4535 96.4619 54.1923 0.800111
4536 20.2113 97.3847 0.978236
4538 43.4094 81.6594 -0.542028
4539 58.8049 77.82 0.774164
4541 56.0462 71.6875 -0.481592
4542 21.0822 14.6149 0.78888
4544 11.4825 9.42998 -0.883758
4545 30.164 68.6695 -0.9496
4547 66.8992 24.0112 -0.799084
4548 51.0617 1.66542 0.714742
4550 43.1796 70.202 -0.719205
4551 64.3949 12.303 0.99997
4553 48.1738 9.37397 -0.867364
4554 15.5576 25.9521 0.149786
4556 90.3056 32.1337 0.717792
4557 75.1442 17.3366 -0.251279
4559 56.8928 19.0162 0.337403
4560 9.62464 2.02647 -0.198531
4562 97.6183 38.3463 -0.226957
4564 79.4898 38.4533 -0.813386
4565 24.9553 33.4662 -0.176478
4567 18.3434 49.2648 -0.484844
4568 76.5648 82.7782 0.919395
4570 12.8802 47.4146 0.308706
4571 81.9494 5.58494 0.264807
4573 18.1157 7.57622 -0.669754
4574 44.5989 52.1729 0.578284
4576 35.7393 76.2763 -0.925291
4578 94.4414 0.638446 0.192455
4579 20.7758 17.428 0.937493
4581 81.1603 54.2359 -0.497799
4582 92.0747 15.0534 -0.824054
4584 38.0818 57.4375 0.373421
4585 72.5324 45.9163 -0.27232
4587 33.8212 21.2509 0.671581
4588 72.7867 83.3524 -0.505631
4590 11.8386 14.7963 -0.665214
4591 85.9028 77.009 -0.881877
4593 60.7096 48.1458 -0.851746
4594 37.739 0.865368 0.0398607
4596 69.3147 55.9192 0.198385
4597 86.1459 12.9308 -0.969422
4599 75.1184 26.2449 -0.27615
4600 97.5117 7.0055 -0.122065
4602 72.438 47.9611 -0.180341
4603 71.1904 75.9727 0.87537
4605 0.506737 42.21 0.485327
4606 94.3273 32.8575 0.0794194
4608 6.55379 31.1064 0.267319
4609 51.0362 91.6895 0.696617
4611 93.819 57.0283 -0.41573
4612 83.5761 44.1441 0.947991
4614 45.3074 33.6704 0.969965
4615 46.3397 68.5281 0.706262
4617 77.4011 28.0953 0.908099
4619 69.9803 6.53283 0.761248
4620 77.8296 26.7982 0.652018
4622 69.7911 11.7233 0.625751
4623 4.63291 91.8856 -0.996843
4625 80.1001 31.4772 -0.999944
4626 18.2331 48.7341 -0.578167
4628 1.37096 51.3358 0.980099
4629 17.018 45.7745 -0.966188
4631 72.9866 86.9018 -0.666876
4632 23.4989 33.7367 -0.998016
4634 29.7798 33.4368 -0.997864
4635 79.6738 76.7847 -0.906118
4637 28.7231 24.7838 -0.433871
4638 34.3708 34.643 0.185671
4640 53.9069 16.9629 -0.479235
4641 32.5713 46.3587 0.914936
4643 53.757 3.68217 -0.342847
4644 20.4372 19.7483 0.999858
4646 89.1913 99.38 0.941391
4647 97.4678 30.7242 -0.0783325
4649 6.13086 64.0454 -0.151735
4650 9.36688 7.24686 0.0578653
4652 65.8198 93.8594 0.152997
4653 64.2654 45.4614 0.990596
4655 21.8318 32.6063 0.158654
4656 18.3951 41.5993 -0.438929
4658 43.5427 32.1561 -0.425572
4659 67.1645 91.1006 -0.928748
4661 89.0485 42.0013 0.88381
4662 91.2097 38.8322 -0.103362
4664 80.8727 54.2292 -0.723367
4665 24.8776 52.4867 -0.252347
4667 9.57551 9.41824 -0.150157
4668 78.6966 92.9943 -0.156181
4670 89.4363 27.9182 0.995096
4671 84.4035 89.961 0.407312
4673 4.0023 59.5952 -0.758301
4675 14.4622 13.0871 0.947626
4676 39.7867 3.14044 0.869425
4678 2.78418 93.3347 0.349847
4679 70.389 71.8947 0.956254
4681 33.7594 36.1933 0.716031
4682 64.2756 14.3056 0.99194
4684 15.591 78.2047 0.116691
4685 16.4265 42.8586 -0.658319
4687 28.3427 59.304 -0.0683187
4688 37.8646 22.2754 0.164743
4690 21.0664 0.781741 0.798464
4691 40.7586 71.4851 0.08201
4693 20.478 97.3579 0.99834
4694 96.8632 42.4654 0.502252
4696 23.0778 39.2608 -0.885065
4697 26.2656 10.5361 0.905642
4699 50.6085 96.9166 0.336302
4700 41.5875 54.8995 -0.679298
4702 94.1887 27.4222 -0.0589959
4703 65.7441 71.1182 0.227312
4705 97.5293 8.27738 -0.139443
4707 94.0487 84.1307 -0.197787
4708 45.5287 91.0037 0.999703
4710 54.0254 66.7328 -0.579645
4712 37.9917 10.8299 0.288478
4713 4.18825 78.354 -0.865755
4715 82.2454 75.2205 0.534522
4717 94.0773 33.2778 -0.169632
4718 23.1449 37.0274 -0.91428
4720 23.6694 7.54043 -0.994229
4721 96.8855 20.459 0.482814
4723 2.88477 58.4778 0.254006
4724 29.1167 15.6211 -0.74621
4726 5.93738 17.8687 -0.338956
4727 40.5556 64.7826 0.281224
4729 19.2837 84.7134 0.420629
4730 13.8501 24.0326 0.959092
4732 98.7377 39.9069 -0.975366
4733 5.91825 91.8436 -0.356889
4735 57.1244 60.9614 0.544434
4736 9.98393 90.7076 -0.530472
4738 71.7629 55.0587 0.473907
4739 71.0088 10.1702 0.948298
4741 84.6559 7.46417 0.166346
4742 65.0782 54.7793 0.78034
4744 11.3113 55.5506 -0.950558
4745 6.89859 30.9815 0.57729
4747 74.0986 3.4609 -0.963464
4748 95.6611 42.9033 0.98763
4750 80.273 88.6206 -0.986849
4751 17.7369 60.7989 -0.896861
4753 21.1621 2.86278 0.737269
4754 23.4752 20.4427 -0.996237
4756 66.1535 56.0476 -0.179073
4757 30.4197 53.0837 -0.839423
4759 6.94144 7.82983 0.611735
4760 94.9315 33.3591 0.631696
4762 75.1363 33.9049 -0.258915
4764 5.23267 12.6514 -0.867678
4765 84.5651 54.9126 0.25506
4767 35.8604 70.9347 -0.964317
4768 93.9148 29.974 -0.326886
4770 10.2368 93.6859 -0.725714
4771 36.3972 41.2023 -0.964063
4773 18.7781 37.1014 -0.0713553
4774 19.6108 12.8173 0.689827
4776 47.4869 85.6162 -0.355045
4777 54.3499 29.3564 -0.809225
4779 54.4689 3.77531 -0.87326
4780 56.8281 78.979 0.275792
4782 37.3723 88.4931 -0.320997
4783 4.95527 52.8869 -0.970649
4785 44.7432 0.728363 0.689577
4786 86.6808 79.156 -0.959092
4788 64.076 99.4766 0.947126
4789 54.8167 86.78 -0.987037
4791 90.5164 32.3791 0.556218
4792 70.3144 16.6125 0.931811
4794 65.1207 16.9983 0.753066
4795 3.75718 77.5945 -0.577436
4797 25.0519 79.8785 -0.080768
4798 64.115 30.226 0.958906
4800 73.5125 84.1124 -0.950809
4801 46.1809 75.9095 0.809305
4803 12.4413 27.0261 -0.124726
4804 48.6051 91.7802 -0.995992
4806 17.0256 28.398 -0.968135
4807 65.5495 51.8075 0.411367
4809 37.4193 88.1619 -0.276215
4810 18.0783 42.4771 -0.697014
4812 40.5177 13.9181 0.317413
4813 76.5361 52.3613 0.907731
4815 83.256 61.951 0.999993
4816 7.13662 50.177 0.753542
4818 88.3056 22.1247 0.334478
4819 10.1451 54.8206 -0.659592
4821 33.1042 58.7032 0.99311
4822 55.8931 70.595 -0.609613
4824 2.25556 62.0226 0.77457
4825 27.4117 51.3328 0.759548
4827 0.331235 51.1668 0.325211
4828 96.4057 13.9357 0.832546
4830 53.0782 77.2595 0.323
4831 7.3216 96.6602 0.861601
4833 35.9995 62.4089 -0.991709
4834 94.768 97.9882 0.497045
4836 66.2299 79.5889 -0.253655
4837 91.211 28.1987 -0.104572
4839 74.9857 40.734 -0.40094
4840 16.6681 69.2768 -0.819276
4842 96.4492 13.877 0.80767
4843 61.7054 17.4503 -0.902891
4845 19.8595 50.0025 0.846788
4846 72.5987 29.2682 -0.335406
4848 80.3171 85.8588 -0.978749
4849 56.2349 23.0094 -0.308649
4851 4.60411 96.4023 -0.994143
4852 40.0623 10.5895 0.702174
4854 53.0418 34.1888 0.357193
4855 91.6147 52.2779 -0.486851
4857 97.3666 58.9299 0.0227804
4858 85.4214 57.3689 -0.563318
4860 55.0609 39.6704 -0.996556
4861 83.8539 3.20651 0.824352
4863 72.9289 58.705 -0.622772
4864 24.9149 8.62996 -0.216102
4866 47.6661 57.9971 -0.516021
4867 70.0583 69.0477 0.80948
4869 14.951 37.8952 0.686726
4870 34.9323 16.0501 -0.366037
4872 8.308 18.4108 0.898692
4873 52.7161 71.9466 0.637264
4875 42.1423 24.9205 -0.963994
4876 25.6713 27.7054 0.51287
4878 72.9868 14.8692 -0.667024
4879 65.7027 47.1957 0.267454
4881 93.3401 61.3614 -0.788084
4882 54.106 31.0357 -0.643422
4884 47.5846 69.9971 -0.444573
4885 49.6775 92.051 -0.554681
4887 13.2569 15.6858 0.636977
4888 90.3117 53.8963 0.713491
4890 5.31491 45.1686 -0.823912
4891 28.5478 86.0123 -0.270105
4893 58.6091 26.0981 0.882521
4894 31.0062 64.7548 -0.398336
4896 80.3637 97.5725 -0.968148
4897 27.2009 93.6119 0.878825
4899 61.278 27.182 -0.999857
4901 83.2145 0.227216 0.999288
4902 17.1264 40.1018 -0.988421
4904 32.6808 62.8087 0.953582
4905 91.6472 5.55993 -0.514993
4907 99.9377 74.8948 -0.559102
4909 92.4681 3.48116 -0.978271
4910 13.121 72.2173 0.52665
4912 11.5328 65.3349 -0.859142
4913 81.0371 68.1611 -0.600642
4915 59.9543 74.436 -0.260954
4916 73.1953 1.92744 -0.806756
4918 91.0407 54.6141 0.0653915
4919 90.5587 58.5989 0.520559
4921 81.5007 35.2833 -0.179683
4922 42.3923 86.139 -0.999816
4924 25.4508 12.3313 0.312682
4925 72.3497 81.4908 -0.0929795
4927 67.378 51.5342 -0.986222
4928 50.1447 96.0565 -0.120474
4930 81.2584 94.3062 -0.410513
4931 59.8762 12.4769 -0.184856
4933 69.4586 79.8858 0.336796
4934 68.6017 80.2429 -0.491088
4936 40.1765 48.3921 0.616436
4939 43.8212 83.4101 -0.160366
4940 75.6668 21.8164 0.265382
4941 9.83349 78.3853 -0.397427
4943 97.4056 45.646 -0.0162256
4945 90.4451 94.7555 0.61395
4946 16.3546 50.6456 -0.602486
4948 87.1881 21.1785 -0.700816
4949 8.10029 31.9798 0.969818
4951 63.6439 56.8076 0.725724
4952 75.8646 64.4864 0.449681
4954 38.2389 45.1447 0.513929
4955 57.4204 81.4137 0.765444
4957 58.5016 97.8389 0.92787
4959 95.0186 64.8519 0.696739
4960 0.462065 44.5375 0.445798
4962 34.9123 22.7646 -0.347359
4963 38.5924 97.8959 0.779116
4965 5.55493 86.5797 -0.665568
4966 36.7054 42.5631 -0.838036
4968 20.4403 91.97 0.999802
4969 47.2761 23.361 -0.151575
4971 55.0394 8.06941 -0.998111
4972 38.7014 34.2644 0.842712
4974 82.5227 74.4569 0.745522
4975 78.8908 59.5762 -0.343796
4977 89.6297 49.5932 0.995553
4979 37.0968 2.90615 -0.56653
4980 62.5044 16.9582 -0.321587
4982 60.5096 28.6928 -0.730699
4983 64.4682 12.1246 0.997852
4985 60.4594 33.4251 -0.695526
4986 41.0452 9.49897 -0.203099
4988 49.7277 36.5173 -0.512256
4989 33.0703 16.2464 0.996509
4991 0.923212 66.6676 0.797543
4992 8.66775 0.583531 0.686763
4994 9.06814 3.55109 0.349124
4995 91.522 77.8546 -0.403938
4997 54.7258 84.2269 -0.968402
4999 59.385 11.0878 0.300561
5000 1.04416 33.8743 0.864502
5002 43.3818 30.55 -0.565066
5003 25.5308 50.5436 0.387647
5005 25.0748 74.7597 -0.0579044
5006 32.6317 30.2788 0.937643
5008 14.8247 52.3778 0.77283
5009 70.0895 11.3645 0.827396
5011 96.4822 35.091 0.787758
5012 2.09728 82.2136 0.864581
5014 36.1738 70.6049 -0.998967
5015 60.5475 67.3499 -0.75605
5017 72.1252 45.5448 0.131075
5019 94.7721 22.3578 0.500631
5020 91.9071 24.2927 -0.718009
5022 27.3661 78.7797 0.788426
5023 75.1744 25.6836 -0.221918
5025 25.0769 26.0832 -0.0557823
5026 47.4205 66.9931 -0.292234
5028 27.2711 57.3898 0.843227
5029 78.4638 61.7252 0.0759326
5031 97.9992 75.1698 -0.572732
5032 79.1177 45.2021 -0.546282
5034 4.39751 74.7881 -0.950835
5035 7.42315 42.6104 0.908619
5037 38.3302 55.4521 0.590017
5038 80.3579 11.6768 -0.969584
5040 46.3594 21.2177 0.692152
5041 1.00459 35.4545 0.843941
5043 66.519 50.1773 -0.518876
5044 99.6585 0.0504815 -0.765911
5046 45.0691 45.9841 0.885134
5047 17.5473 67.9933 -0.964147
5049 91.5348 90.0677 -0.415638
5050 70.0335 70.3514 0.79469
5052 86.3916 91.754 -0.999998
5053 21.1299 28.4046 0.758688
5055 69.3497 97.5532 0.232466
5056 47.9665 53.0627 -0.746365
5058 99.3646 14.6698 -0.919338
5059 10.4795 38.8186 -0.86975
5061 85.2127 37.3927 -0.379936
5062 77.2182 56.346 0.969113
5064 20.7821 30.5235 0.935266
5065 7.70893 20.2443 0.989499
5067 52.7725 74.6295 0.592796
5068 34.386 9.25564 0.170692
5070 60.8209 86.6389 -0.904705
5071 1.47517 96.9633 0.995431
5073 42.9433 77.1258 -0.861916
5074 87.42 45.5525 -0.518082
5076 29.8442 44.2247 -1
5077 42.787 73.922 -0.930307
5079 1.14913 96.9496 0.912407
5080 58.1232 72.542 0.999993
5082 57.0937 7.24909 0.518468
5083 52.4415 34.4742 0.822389
5085 50.2156 36.2468 -0.0498306
5087 92.0916 90.2759 -0.833513
5088 70.2177 30.8327 0.892393
5090 57.0888 36.9088 0.514247
5091 6.40662 62.7578 0.123118
5093 17.3722 6.29686 -0.995633
5094 35.495 34.2485 -0.806054
5096 95.8457 22.0579 0.999633
5097 87.5377 12.7067 -0.414009
5099 23.3482 64.8377 -0.977247
5100 7.03711 72.1076 0.684508
5102 83.017 14.8521 0.972474
5104 94.422 35.7199 0.173336
5105 9.6823 8.81895 -0.254681
5107 67.8766 44.5539 -0.945275
5108 69.7555 85.1098 0.597567
5110 96.678 73.2271 0.652881
5111 78.0296 29.7384 0.48835
5113 39.8572 23.8403 0.83245
5114 44.7217 16.6113 0.673835
5116 99.3361 87.2253 -0.93015
5118 97.8157 34.2306 -0.413558
5119 10.3356 62.741 -0.790003
5121 66.3814 77.1419 -0.396716
5122 64.988 56.1734 0.833533
5124 77.8678 94.1278 0.622533
5125 26.1828 24.4269 0.867466
5127 61.6024 71.4505 -0.942313
5128 77.2442 60.546 0.96237
5130 50.1342 88.1165 -0.130943
5132 76.3258 45.7212 0.80014
5133 12.1681 57.1334 -0.387823
5135 55.1207 43.1931 -0.98981
5136 66.559 6.47484 -0.552701
5138 32.4058 14.2763 0.835951
5139 20.633 48.8379 0.977467
5141 96.6073 53.7318 0.704753
5142 42.7785 83.8548 -0.933424
5144 43.1799 71.4759 -0.719035
5145 20.1033 97.056 0.95016
5147 10.7334 61.8984 -0.965827
5148 46.045 90.9377 0.881444
5150 34.4954 36.0622 0.0620371
