2 67.3347 30.9592 3.98805e+56
5 98.8811 42.8306 2.83027e+85
8 60.9823 14.4613 6.55142e+25
11 96.2941 23.7582 1.33876e+47
14 50.2531 50.1132 1.78096e+85
17 6.07615 43.9197 2.6108e+34
20 19.022 90.7623 1.28304e+116
22 47.4825 78.6392 6.93822e+131
24 16.2197 7.53963 1.32822e+09
27 10.9696 96.2997 1.47891e+100
29 8.91273 1.7042 41.5915
32 64.5277 52.01 1.33331e+94
34 25.8177 4.66199 3.82255e+06
36 46.0261 91.4535 1.22352e+152
39 41.2062 87.8716 8.11427e+141
41 61.1502 84.0989 1.71465e+150
43 46.711 65.5265 2.46109e+109
46 93.2264 72.8903 3.63233e+143
47 86.661 56.5259 3.44546e+109
50 31.7883 76.6659 1.48832e+115
53 14.3357 86.9486 3.53923e+100
56 89.6159 33.9146 1.63815e+66
58 27.0559 10.259 4.93822e+14
60 48.9096 71.7993 1.98315e+121
63 36.1602 26.2234 7.27824e+40
64 78.8302 85.4391 1.12634e+162
67 73.8235 44.1233 2.69739e+82
69 61.7731 83.5818 4.76768e+149
71 46.8623 37.4905 4.36499e+62
74 7.79698 17.8196 7.83068e+15
75 88.6963 15.4461 1.22326e+30
78 17.4336 72.5096 1.02927e+90
81 99.2531 30.9386 5.97756e+61
82 85.3621 54.9016 1.07055e+106
85 46.0076 36.3482 2.75991e+60
87 60.3391 1.72187 1164.01
89 27.0001 16.9663 1.9277e+24
92 73.2366 16.7623 1.80745e+31
93 40.3918 67.3868 1.74994e+108
96 24.7268 59.4572 6.82027e+82
99 23.3759 33.939 2.84829e+46
100 63.9073 69.5249 3.39443e+125
103 13.9218 96.8691 6.14863e+110
106 66.6609 93.9377 2.1391e+171
108 6.34975 61.7124 3.46769e+49
111 68.2985 34.7375 5.28153e+63
114 67.3674 21.4943 2.00124e+39
116 0.0594451 20.5728 6.02762e-26
118 34.8764 2.012 1269.31
121 71.6726 29.0161 6.83958e+53
123 78.0713 89.345 1.21525e+169
125 11.8208 42.0219 1.18757e+45
128 25.8275 65.8905 1.10361e+93
131 35.327 6.57596 1.51458e+10
132 41.1429 18.9356 3.69557e+30
135 26.9685 2.48914 3644.19
136 15.4973 55.9717 4.17433e+66
139 75.1697 15.2734 4.50258e+28
142 67.7102 99.0772 2.37767e+181
143 95.105 99.6877 1.59427e+197
146 96.8015 25.5458 5.38214e+50
149 36.2361 71.7584 7.61138e+111
150 11.483 1.77423 75.9936
153 19.9229 69.6526 3.18593e+90
156 86.6335 19.4895 5.81587e+37
158 76.5696 16.413 8.37576e+30
160 20.4931 42.3028 3.05275e+55
163 29.8651 39.8935 7.06989e+58
165 64.9297 86.9983 4.78056e+157
167 21.248 76.2416 1.57336e+101
170 65.609 99.3843 3.78187e+180
171 41.4242 66.4919 3.42291e+107
174 23.4801 86.5664 4.53514e+118
176 88.8313 5.14995 1.08398e+10
178 12.3236 77.5696 4.05544e+84
181 81.7854 74.17 7.29872e+141
182 58.0849 28.4529 1.55868e+50
185 29.102 51.6379 3.92577e+75
187 49.1025 93.0533 2.30585e+157
189 50.0801 84.126 9.68385e+142
192 43.8633 17.1013 1.2081e+28
195 16.2512 32.8406 5.83644e+39
196 71.525 45.4832 2.22188e+84
199 79.35 30.1376 1.76906e+57
202 58.3168 47.0534 1.22065e+83
203 81.6699 48.487 5.13054e+92
206 74.0282 40.7772 1.6932e+76
209 3.15634 60.8823 2.46303e+30
211 70.9032 14.6136 1.10904e+27
213 75.1623 37.1583 5.11649e+69
216 85.1623 42.9597 8.37065e+82
217 35.0544 33.4849 5.31575e+51
220 77.9034 21.1581 1.05138e+40
223 13.635 69.3083 4.37573e+78
226 67.3258 93.0045 1.06922e+170
228 43.5827 95.8052 1.13429e+157
231 30.7013 74.9619 3.021e+111
232 90.5647 64.5263 1.88534e+126
235 16.0451 92.2999 1.791e+111
238 17.5338 15.9301 6.5327e+19
240 97.9433 57.231 8.81993e+113
242 30.388 54.4791 5.97298e+80
244 69.2503 24.8774 6.09394e+45
247 33.3708 25.1753 2.24482e+38
248 5.31328 64.7918 9.94333e+46
251 62.2229 52.5061 1.56052e+94
254 0.397172 12.6129 8.74882e-06
255 79.1951 71.8436 2.56652e+136
258 1.31628 64.0638 4.42505e+07
261 36.3056 44.6024 3.78909e+69
262 20.8016 78.3849 2.08417e+103
265 35.3447 41.9892 1.03026e+65
267 63.2098 31.2816 2.14467e+56
269 38.5384 75.0191 9.38106e+118
271 18.403 81.4962 1.21243e+103
273 93.397 33.117 1.78474e+65
275 84.5925 68.3222 4.78116e+131
277 16.3801 30.2946 6.12548e+36
279 91.9698 61.8034 2.29073e+121
281 15.9523 96.7265 2.21275e+116
283 22.9411 45.8653 2.54103e+62
285 81.2177 15.2287 1.20658e+29
287 1.28648 69.3016 3.81684e+07
289 40.4966 45.7998 4.1628e+73
292 43.8549 23.1771 1.14095e+38
294 40.5327 0.266287 2.68002
297 91.4182 11.6167 6.03448e+22
298 68.4662 49.4575 5.99885e+90
301 99.5156 47.7069 2.05649e+95
304 53.3095 83.5723 2.05603e+144
307 44.2618 42.7382 2.23036e+70
308 95.6303 10.0117 6.74765e+19
311 61.5528 80.1224 2.28478e+143
312 17.4188 11.5834 2.37252e+14
315 96.294 67.3154 3.36355e+133
318 49.6221 12.6572 2.90083e+21
321 42.866 64.6869 3.77044e+105
322 48.3838 2.30708 7704.24
325 20.7115 85.1208 1.08891e+112
327 46.7102 44.0415 3.33771e+73
329 50.214 99.2622 6.72258e+168
332 33.3634 81.9556 6.92629e+124
333 50.0434 21.7944 1.08696e+37
336 48.0025 80.0342 3.61955e+134
337 12.1607 42.9703 4.17863e+46
340 48.0815 83.9773 1.76956e+141
343 49.5763 68.6969 2.88481e+116
345 75.5685 2.72104 129136
347 98.3892 21.9209 4.86742e+43
350 29.1024 83.3155 9.2883e+121
352 88.5199 7.12991 7.62485e+13
354 15.275 99.8994 1.90092e+118
357 31.1134 61.7104 1.34995e+92
360 92.2126 88.2494 2.46347e+173
362 91.1544 37.5149 3.31779e+73
365 74.9175 80.2208 2.40235e+150
367 49.0209 57.8637 6.4822e+97
370 8.32079 14.0473 8.42969e+12
373 74.7446 47.0989 1.75238e+88
374 37.4237 56.7951 2.22325e+89
377 48.999 16.8946 3.58927e+28
380 59.2736 77.0611 4.1556e+136
381 27.4907 73.8959 2.23837e+106
384 96.6994 54.4129 1.07824e+108
387 41.5171 29.6179 8.48266e+47
388 42.1336 89.1617 7.15632e+144
391 51.5292 11.2118 1.5677e+19
392 66.3721 35.9699 3.44111e+65
395 97.7457 49.8354 1.50402e+99
398 34.3457 97.1882 1.85609e+149
400 79.4734 86.9969 2.05807e+165
402 2.33987 66.212 2.78592e+24
405 46.5223 52.5516 4.34787e+87
406 30.1396 6.80317 1.15561e+10
409 10.1011 87.4357 6.57e+87
412 59.1903 5.24016 1.93586e+09
414 6.293 40.5095 2.29773e+32
416 99.6793 97.6822 1.69118e+195
418 63.9879 91.1781 4.74934e+164
421 72.5366 9.51494 5.0477e+17
423 18.6393 40.1688 1.07543e+51
425 84.5307 56.0875 1.20623e+108
428 91.4674 23.117 2.18053e+45
431 18.3649 23.9461 1.85186e+30
434 92.1335 70.5314 3.5731e+138
437 71.1007 11.3665 1.12011e+21
440 61.7925 27.6784 3.71811e+49
443 44.1191 81.9884 6.92303e+134
445 90.655 45.8463 5.48395e+89
447 44.1465 94.9133 1.32613e+156
450 51.7766 33.5147 2.81021e+57
451 39.6005 4.71905 3.46441e+07
454 16.5 38.7775 1.62529e+47
457 5.13168 68.7463 6.72546e+48
458 28.5757 4.24673 1.52486e+06
461 19.9735 52.3233 1.10677e+68
464 32.2762 64.1563 6.37305e+96
465 46.3703 67.2517 1.14152e+112
468 30.6581 68.908 2.72173e+102
470 5.495 81.9997 4.75452e+60
472 16.305 24.9248 1.64758e+30
475 59.7594 91.7355 9.10973e+162
476 98.5117 33.844 2.93436e+67
479 35.6248 46.8819 5.61099e+72
482 3.90581 16.9625 1.08865e+10
483 0.0654301 91.2293 9.20801e-109
486 25.1147 83.3707 5.16349e+116
489 27.3136 93.5205 2.14285e+134
491 21.037 8.71729 3.41057e+11
493 70.104 37.0261 2.19065e+68
496 17.053 3.44605 17572.8
497 22.8886 84.0731 2.02939e+114
500 2.71822 17.0058 2.42856e+07
502 45.6846 76.5473 1.12415e+127
504 11.729 49.1189 3.3185e+52
507 36.9293 60.9526 3.43008e+95
509 20.9169 47.7443 1.11237e+63
512 98.2509 87.1084 3.54209e+173
513 66.431 79.5044 7.70112e+144
516 11.0377 14.3025 8.23685e+14
519 50.8386 55.9459 2.84822e+95
521 14.083 40.927 1.0296e+47
523 2.97821 67.5193 1.00252e+32
525 92.5945 91.5781 1.24783e+180
527 63.9567 5.22824 2.76445e+09
530 57.2339 83.9975 4.34926e+147
533 15.9089 36.8431 1.87124e+44
534 71.578 0.109876 1.59881
537 22.533 7.64545 2.2025e+10
538 40.7049 60.9431 1.24983e+98
541 77.8784 27.2006 2.80275e+51
544 91.217 65.4324 1.7886e+128
545 13.4754 84.5065 2.84259e+95
548 28.405 24.7852 1.05357e+36
551 40.6887 98.6916 6.94393e+158
552 75.9828 1.10463 119.533
555 81.9289 49.8968 2.98172e+95
557 92.4947 46.6852 6.14491e+91
559 27.0951 90.5933 6.46068e+129
561 86.9009 31.883 6.63527e+61
564 90.6045 18.947 1.20815e+37
566 82.757 98.4296 5.87156e+188
569 6.06281 55.4448 2.48412e+43
571 27.0728 76.2231 1.55681e+109
574 77.823 99.7348 4.06616e+188
575 73.4082 96.3539 5.91143e+179
578 12.891 76.7068 1.46772e+85
581 99.437 26.0085 8.9776e+51
582 63.4962 5.66893 1.65824e+10
585 57.2154 60.2843 8.92306e+105
588 41.6244 48.4731 3.12503e+78
590 88.8356 11.6279 4.5497e+22
593 35.6508 16.6191 6.22202e+25
596 15.8605 10.6439 5.97037e+12
598 68.8157 0.0497348 1.23423
600 98.1425 87.3614 1.02665e+174
602 84.7563 65.2984 8.06367e+125
605 47.2279 35.6842 5.52573e+59
606 44.7358 65.193 4.08443e+107
610 45.3722 49.4904 9.88882e+81
612 24.1396 51.3731 1.08438e+71
615 16.1326 6.60277 9.42315e+07
618 27.2828 25.4429 3.41294e+36
619 13.9003 34.9172 8.14958e+39
622 7.19098 26.0701 2.1704e+22
625 4.859 72.428 5.31138e+49
627 20.2751 90.339 1.17428e+118
629 92.1061 76.4702 1.61989e+150
631 50.746 84.0727 2.38623e+143
633 61.8307 30.4035 2.87692e+54
636 16.0478 27.786 3.11713e+33
637 18.8558 87.082 1.17047e+111
640 69.4425 33.7929 1.71341e+62
641 95.6701 66.8678 2.81961e+132
644 55.0685 73.9387 5.24954e+128
647 53.1342 49.9616 1.59411e+86
648 57.0395 98.3548 5.34895e+172
651 20.1061 67.8753 2.90908e+88
652 89.7883 58.8691 9.64446e+114
655 76.1249 48.0661 2.73982e+90
658 1.59881 67.9499 7.04788e+13
659 99.3155 15.2209 2.49127e+30
662 95.3903 43.2891 4.90854e+85
665 18.5747 51.363 1.49828e+65
668 52.6001 74.2445 5.9399e+127
669 51.1285 18.6997 8.94164e+31
672 31.7491 73.4289 1.86429e+110
673 97.6909 97.2657 3.50414e+193
676 91.1221 95.6542 2.79367e+187
678 95.9778 70.5679 7.54311e+139
680 69.9341 76.5402 1.55889e+141
683 55.2471 44.367 2.00021e+77
684 57.1387 10.8019 9.51085e+18
687 62.1531 30.8435 2.07324e+55
690 50.2312 88.5551 4.26419e+150
693 16.3223 88.3052 1.24425e+107
694 31.2737 69.6829 1.54328e+104
697 47.9817 29.1186 8.92277e+48
698 4.01522 79.4281 8.94311e+47
701 82.4119 54.1763 6.32635e+103
704 60.0349 43.7555 6.52991e+77
705 42.3067 56.0331 1.35771e+91
708 49.569 2.68867 36129.9
710 60.4358 4.13805 2.35011e+07
712 9.77819 85.8588 1.05292e+85
714 85.4919 88.5216 1.04025e+171
716 49.669 11.3351 1.67987e+19
718 98.0302 95.6637 3.16851e+190
720 4.85885 85.5949 5.80468e+58
723 48.8738 99.0466 1.98309e+167
726 49.0506 46.9551 2.42292e+79
727 34.8594 59.9089 2.50479e+92
730 58.0604 8.9186 5.38703e+15
733 35.8915 59.7674 8.6664e+92
735 93.2095 13.7676 1.30259e+27
737 88.0209 3.80561 2.51378e+07
739 7.77806 39.7829 2.76349e+35
741 2.0261 20.016 1.37434e+06
744 15.0294 46.9259 1.6948e+55
745 18.8118 98.4513 2.94687e+125
748 40.4259 60.8451 5.72039e+97
749 61.4437 94.1778 2.72195e+168
752 12.0323 72.5734 2.53858e+78
755 30.8723 35.2186 2.88709e+52
756 93.9711 39.9953 8.13909e+78
759 91.0362 41.613 3.37875e+81
760 64.9378 85.4972 9.19294e+154
763 48.4681 26.672 9.00407e+44
766 44.45 56.0636 2.42974e+92
767 75.0656 89.9369 4.69225e+168
770 70.728 21.5308 6.65556e+39
772 81.5267 25.458 4.54858e+48
774 90.7227 88.8547 8.95734e+173
777 0.826909 2.7555 0.592318
778 41.1512 60.1482 1.26525e+97
781 50.4999 72.0881 6.12453e+122
782 99.6509 30.8919 5.45701e+61
785 16.0513 12.0286 3.16672e+14
788 6.13191 47.4078 2.17877e+37
789 60.9919 83.3273 5.77937e+148
792 93.522 8.03518 6.86509e+15
795 3.9205 86.0329 1.11401e+51
796 48.671 23.8834 1.98521e+40
799 80.4362 14.1408 8.80189e+26
801 8.64496 32.4913 2.73273e+30
803 78.1233 1.84358 3086.67
806 94.9556 16.826 1.87859e+33
807 83.5419 24.0153 1.42934e+46
810 65.4653 83.581 6.08234e+151
813 14.5736 24.9097 9.64004e+28
815 41.963 45.9173 3.29355e+74
817 85.8078 54.8349 1.0588e+106
820 50.6277 13.3809 6.40172e+22
821 13.2261 28.1882 4.08518e+31
824 83.5838 56.0253 4.8685e+107
827 7.56188 14.5773 6.42767e+12
828 18.721 50.1611 6.63017e+63
831 75.3556 59.0177 6.0678e+110
834 8.41821 31.2989 9.08653e+28
836 24.8903 80.1293 7.29437e+111
839 71.8711 45.5563 3.78235e+84
842 9.68172 27.185 6.35506e+26
844 10.3275 12.3171 3.08657e+12
847 36.7767 73.6436 1.96959e+115
848 41.8499 27.906 1.79915e+45
851 83.0962 0.497753 9.02561
854 45.0009 38.5719 5.85951e+63
855 41.6773 9.68823 4.94258e+15
858 4.11911 64.8901 7.84604e+39
861 40.3314 63.8524 3.34343e+102
863 27.2406 38.3557 1.11865e+55
866 48.3373 94.1977 4.52415e+158
868 30.2009 47.51 2.06909e+70
870 59.1995 3.18139 434944
873 15.7664 79.0359 4.61126e+94
876 60.3539 10.3796 3.04101e+18
878 44.3254 29.4605 3.24534e+48
881 93.9528 79.2327 2.0846e+156
882 54.4692 78.4249 1.43729e+136
885 75.6679 41.2589 3.32499e+77
888 46.0921 83.4277 6.2021e+138
890 46.8347 58.1659 1.4792e+97
892 28.2792 48.5661 3.1051e+70
895 34.3821 9.08996 9.22979e+13
898 83.4012 43.4621 3.1486e+83
900 69.3908 10.0883 3.76345e+18
902 98.0407 68.8374 1.2114e+137
904 0.443963 9.45401 0.00046346
907 1.20904 36.9501 1112.05
910 93.7092 20.4621 2.22269e+40
911 62.771 4.01036 1.62053e+07
914 49.6194 47.9833 2.30677e+81
917 96.6793 12.0398 7.99947e+23
918 60.6256 97.8081 2.28171e+174
921 61.3307 20.9991 3.4637e+37
924 55.4336 96.9722 1.25186e+169
926 30.251 22.1436 6.15118e+32
929 58.9861 90.8391 7.13412e+160
930 52.27 83.9847 2.02696e+144
932 30.595 84.2987 1.73113e+125
935 44.1558 57.465 3.38238e+94
937 62.0116 68.6972 1.37363e+123
939 3.82573 83.4232 4.09186e+48
941 22.0506 74.4129 9.28321e+99
944 89.6055 72.0071 3.81919e+140
947 31.5143 18.662 9.22897e+27
949 35.6372 14.4173 2.36756e+22
952 65.232 83.6657 6.4283e+151
955 8.39914 90.9987 1.27113e+84
956 89.6092 54.1179 4.54239e+105
959 83.18 73.1444 2.74588e+140
960 44.3673 33.967 8.8252e+55
963 64.6898 77.1092 4.28713e+139
966 69.3007 82.0606 1.12709e+151
968 48.045 12.0195 1.63171e+20
970 81.3357 93.4926 3.95493e+178
973 63.2034 95.0746 1.6018e+171
974 96.8971 68.8495 5.70742e+136
977 26.2146 91.8578 2.01485e+130
980 15.9997 81.5237 1.45748e+98
982 21.9671 22.5156 1.62468e+30
984 39.651 75.8438 1.65044e+121
986 98.762 41.2814 2.1849e+82
988 96.8891 92.6569 1.10161e+184
991 6.07979 32.2937 2.06357e+25
994 20.4316 57.796 5.37189e+75
996 7.55444 76.5561 1.70523e+67
999 10.8075 89.499 3.29233e+92
1002 27.6817 26.3563 1.02523e+38
1003 62.0698 93.8912 2.16644e+168
1006 39.4078 18.2002 1.09637e+29
1008 51.5117 83.5536 1.08612e+143
1010 82.5077 94.4707 1.1289e+181
1013 25.9813 26.017 6.38578e+36
1014 16.8938 43.6877 4.33141e+53
1017 84.1738 25.1814 3.0105e+48
1018 99.1147 27.8082 3.22883e+55
1021 14.4748 52.0052 2.27961e+60
1024 63.9246 74.9562 2.21776e+135
1026 89.1755 36.9476 1.14012e+72
1028 7.61071 73.7409 9.93274e+64
1031 96.631 7.14949 1.55802e+14
1032 10.0367 14.375 2.49937e+14
1034 21.4496 20.3781 1.3544e+27
1036 75.0689 72.6097 1.50165e+136
1038 38.5086 77.0964 1.74086e+122
1041 9.01069 13.7499 1.34216e+13
1043 16.4296 59.6414 3.17414e+72
1046 67.3803 39.0567 2.60923e+71
1048 98.2296 79.6389 4.57177e+158
1051 62.9784 59.3735 6.67284e+106
1054 91.424 76.755 3.32112e+150
1055 24.5902 14.0615 3.5994e+19
1058 91.5923 19.6569 3.66521e+38
1061 15.9364 56.5752 1.06037e+68
1062 38.1955 14.4966 8.58472e+22
1065 42.0603 23.9844 8.86352e+38
1067 64.2775 46.68 2.51279e+84
1069 13.0626 70.721 8.44915e+78
1072 8.58967 12.9651 1.28559e+12
1073 6.74111 0.461335 2.4117
1076 71.8349 28.9057 4.55611e+53
1077 81.291 4.28532 1.5316e+08
1080 74.1381 22.5328 1.37185e+42
1081 7.87996 41.1224 7.36648e+36
1084 85.4573 36.5504 4.03818e+70
1087 45.1111 56.0757 5.82178e+92
1088 58.2213 23.2168 9.53868e+40
1091 46.5418 52.7441 9.30931e+87
1093 50.1363 77.0301 9.18111e+130
1095 59.3141 21.4019 8.88914e+37
1098 4.68564 36.8728 5.40887e+24
1099 37.7003 69.6384 5.94357e+109
1102 98.8567 73.3349 2.01142e+146
1103 5.66821 32.7677 4.88285e+24
1106 3.78306 65.9693 1.31804e+38
1109 41.557 6.212 1.13506e+10
1111 56.3204 80.9983 6.32383e+141
1113 50.0022 2.82044 61929.5
1115 71.2004 92.2122 6.62952e+170
1118 55.6713 28.5658 7.33482e+49
1121 50.7604 35.0705 6.51119e+59
1123 88.3765 88.7068 4.50114e+172
1125 91.0957 61.5099 3.37739e+120
1128 26.4953 33.4319 3.79556e+47
1129 43.1092 66.0839 1.04417e+108
1132 64.2253 73.8152 2.73006e+133
1135 81.0872 34.4187 5.05337e+65
1136 56.6694 29.8101 1.85154e+52
1139 51.9685 0.695668 15.6166
1140 19.9922 0.240162 2.05314
1143 19.1443 99.5812 4.6465e+127
1145 14.7778 72.8564 1.63523e+85
1148 51.797 36.2759 1.54131e+62
1150 77.9031 22.3273 1.7114e+42
1153 23.0263 8.46643 3.4132e+11
1154 22.5733 97.5025 9.52582e+131
1157 19.2632 67.6775 8.85707e+86
1158 58.5148 58.0582 4.02055e+102
1161 15.9453 97.2066 8.01328e+116
1164 74.8917 43.8426 1.51386e+82
1165 46.3245 79.554 3.32653e+132
1168 13.2725 90.0988 1.50205e+101
1171 31.7817 95.1221 7.76702e+142
1172 26.6985 22.6323 1.92576e+32
1175 2.89916 41.5924 1.68667e+19
1178 18.4402 19.7432 9.77993e+24
1181 39.0506 96.7068 8.34028e+153
1183 66.095 33.4699 8.33316e+60
1186 85.5695 71.3255 6.66326e+137
1189 36.3817 79.3424 6.98612e+123
1192 38.0764 3.45986 294340
1195 16.4468 16.268 6.07045e+19
1198 45.296 80.6738 3.98642e+133
1203 65.3603 73.9329 1.62752e+134
1206 89.2288 6.41215 3.21317e+12
1209 38.9124 71.2502 1.96849e+113
1210 88.6193 5.07736 7.73202e+09
1213 65.4387 63.3338 1.00843e+115
1216 42.843 12.1001 5.57124e+19
1219 43.7402 89.7102 1.59838e+147
1222 24.0373 82.3755 5.63918e+113
1225 17.8062 13.2669 3.90185e+16
1228 4.24688 68.2388 7.22389e+42
1231 95.0077 64.5274 4.16544e+127
1234 9.58909 66.0939 7.75286e+64
1237 69.2849 86.1732 4.10942e+158
1241 57.2682 71.0683 8.54933e+124
1244 95.3725 30.5461 2.90904e+60
1246 52.0738 1.4371 293.054
1249 78.1162 96.5503 5.55618e+182
1252 67.337 62.1693 4.58435e+113
1255 46.2137 78.6008 7.11735e+130
1258 34.9839 58.3068 1.04246e+90
1261 53.9649 56.8943 3.5259e+98
1264 13.3565 17.3433 3.33608e+19
1267 22.4908 16.2783 1.01925e+22
1270 60.1066 69.7741 1.32623e+124
1273 8.30746 1.16764 11.8469
1276 17.308 59.7151 8.75244e+73
1279 58.2575 53.0498 4.48355e+93
1282 45.1986 84.6164 1.12399e+140
1285 33.7401 11.8606 1.33289e+18
1288 94.8959 13.1051 8.16756e+25
1291 85.4459 74.9517 6.07521e+144
1294 28.0437 63.0696 2.06297e+91
1297 55.5829 59.4337 5.10898e+103
1300 44.8492 16.8984 8.1663e+27
1303 48.1024 40.1589 3.58123e+67
1306 73.4973 17.674 9.64715e+32
1308 96.2107 15.5122 5.81049e+30
1311 91.5895 95.3239 1.02507e+187
1314 66.0335 72.5105 8.95494e+131
1317 31.245 55.0715 2.08836e+82
1320 7.42552 17.8584 3.54618e+15
1323 18.2391 89.1995 3.02603e+112
1325 88.3061 50.0797 2.84816e+97
1329 18.3223 13.487 1.08105e+17
1331 36.2741 80.965 1.8737e+126
1334 56.6219 31.1389 3.85469e+54
1337 89.5325 20.6254 1.82163e+40
1340 3.33368 79.51 3.78201e+41
1343 52.9575 29.2204 2.36514e+50
1346 16.8244 56.5331 2.0243e+69
1349 96.9619 38.2444 9.46898e+75
1352 30.3495 30.3722 1.0379e+45
1355 68.8939 30.5649 1.52692e+56
1359 3.09846 0.339516 1.46809
1361 24.9904 22.8759 9.44825e+31
1364 54.0041 71.1534 1.85396e+123
1367 85.8809 38.7301 7.94517e+74
1370 30.9049 29.7709 2.28776e+44
1373 52.239 94.7648 6.38858e+162
1376 4.56973 6.46717 18519.3
1379 74.6458 26.609 6.89917e+49
1382 82.3513 80.0052 1.83509e+153
1385 71.1757 50.1776 8.82078e+92
1388 90.7637 28.9196 4.18835e+56
1391 56.8106 84.8996 8.91956e+148
1393 75.842 0.27828 3.33534
1396 84.4363 90.9097 1.38132e+175
1399 94.1283 70.5126 1.48651e+139
1402 59.448 96.6469 2.91609e+171
1405 75.2626 54.922 1.16254e+103
1408 25.3517 76.4781 2.37581e+107
1411 55.4754 24.9578 3.37951e+43
1414 31.1096 66.9654 9.38234e+99
1417 95.7945 28.5758 4.15278e+56
1420 12.3064 3.55622 7529.32
1423 99.6907 85.8724 4.25866e+171
1426 75.8117 5.07448 3.45689e+09
1429 85.0208 3.95009 4.186e+07
1432 11.2926 44.0036 2.12166e+46
1435 87.8726 82.5542 2.97307e+160
1438 81.1317 13.0408 7.8939e+24
1441 70.072 93.6134 5.8582e+172
1444 46.2044 4.74191 7.83042e+07
1447 25.0721 32.745 6.55382e+45
1450 19.336 76.3779 1.77856e+98
1453 66.6063 22.4436 8.43732e+40
1456 15.6299 98.9699 1.46437e+118
1459 85.3248 32.4599 4.81368e+62
1462 31.3018 89.3697 4.55622e+133
1465 47.2843 44.0788 6.59961e+73
1468 49.473 24.1506 8.31852e+40
1471 91.0956 20.5277 1.67467e+40
1474 71.5233 15.4234 3.99896e+28
1477 93.9 29.4529 1.26122e+58
1480 82.925 24.1486 2.15575e+46
1483 43.075 61.1344 8.07779e+99
1485 77.6958 23.6425 4.93935e+44
1488 1.65009 15.7157 2619.87
1492 93.0434 73.3537 2.57273e+144
1493 57.6566 60.4392 2.65706e+106
1496 22.5151 40.4294 4.78261e+54
1499 80.9247 64.7916 4.2417e+123
1502 45.5553 9.12769 1.37605e+15
1505 23.0466 11.2018 1.83512e+15
1508 89.0509 15.8455 7.81624e+30
1511 97.2639 10.708 1.93675e+21
1514 87.0556 23.0086 4.28568e+44
1517 14.0796 24.3769 9.98038e+27
1519 70.5693 49.305 1.39932e+91
1522 77.0879 68.0043 2.10414e+128
1525 81.416 83.8971 2.00891e+160
1529 60.3992 78.1984 1.8785e+139
1532 73.711 11.6481 5.66552e+21
1535 67.8873 19.0762 8.7795e+34
1537 91.9596 69.6911 7.00341e+136
1540 29.9299 89.94 5.76558e+132
1543 22.9449 10.6665 3.26458e+14
1546 15.4923 7.32232 5.18083e+08
1549 30.8421 73.119 7.66891e+108
1552 30.1702 43.3039 1.17906e+64
1555 73.5758 99.5415 6.57007e+185
1558 93.0206 14.1597 7.49056e+27
1561 29.0338 23.4697 2.15703e+34
1563 80.8238 91.2807 1.3231e+174
1566 20.8663 25.3103 2.48633e+33
1569 43.0131 60.9509 3.7101e+99
1572 85.2458 16.6328 1.29587e+32
1575 88.9479 29.9408 2.28415e+58
1579 42.6546 94.7952 3.25833e+154
1582 26.8239 59.7311 2.12365e+85
1585 96.8129 7.44125 5.99565e+14
1588 25.1925 12.237 1.40406e+17
1590 21.0018 12.8319 9.26906e+16
1593 31.9684 18.029 1.34461e+27
1596 28.4885 89.7664 3.80532e+130
1599 87.2623 91.6765 8.47798e+177
1602 66.808 99.2339 1.21582e+181
1606 33.8799 22.4968 2.62324e+34
1609 63.9635 90.6549 5.20814e+163
1612 28.277 27.5511 9.74037e+39
1615 21.5019 7.06278 2.57626e+09
1617 32.6748 40.8563 7.33143e+61
1620 28.9027 23.2818 1.03115e+34
1623 93.4246 60.4101 1.08593e+119
1626 18.6739 6.10492 5.76477e+07
1629 45.6802 11.6945 2.56828e+19
1631 16.5538 4.84499 804540
1634 6.89961 53.2202 4.38931e+44
1637 27.9401 30.1523 4.04624e+43
1641 3.7317 38.336 8.40615e+21
1643 46.0222 1.56941 407.265
1646 88.6665 50.9427 1.67581e+99
1649 76.803 29.689 9.43945e+55
1652 18.9697 12.0226 2.32024e+15
1655 60.1778 42.465 3.66285e+75
1658 79.5333 95.414 2.18237e+181
1661 5.5104 48.9334 1.85618e+36
1664 71.271 35.9835 4.72315e+66
1666 55.4446 51.675 1.30018e+90
1668 75.7302 30.6409 3.82299e+57
1671 94.3025 61.276 9.79046e+120
1675 88.3119 97.8535 2.65878e+190
1677 14.5533 63.4792 6.66547e+73
1680 4.56231 61.0516 1.75502e+40
1683 45.109 45.9788 1.15102e+76
1686 95.8071 34.6203 3.94985e+68
1689 94.5058 84.6337 1.55018e+167
1692 36.8186 73.2434 5.0593e+114
1695 66.3778 17.3705 4.46206e+31
1698 42.2703 47.4894 1.65769e+77
1701 73.016 54.75 1.05246e+102
1704 90.0432 87.1842 2.49559e+170
1706 68.4925 21.4851 2.74744e+39
1709 86.5315 68.0294 6.09225e+131
1712 66.6931 81.1901 1.25139e+148
1715 67.2251 70.6106 1.10455e+129
1718 66.5976 2.47043 31968.8
1722 29.716 29.1152 7.69814e+42
1724 98.3276 77.6192 4.67682e+154
1727 59.4297 42.682 5.22408e+75
1730 2.44712 29.7593 3.68193e+11
1733 97.3401 25.9163 3.38146e+51
1736 84.5135 27.7517 2.98857e+53
1739 44.6716 90.6393 3.612e+149
1742 16.1713 9.07644 9.3563e+10
1745 4.17012 73.0604 2.0337e+45
1747 53.2615 77.0518 1.05487e+133
1750 21.5758 42.6383 7.55196e+56
1753 72.4083 75.7515 7.6155e+140
1756 22.8715 20.9246 2.771e+28
1759 59.4752 57.2815 4.33162e+101
1762 97.4412 11.8913 4.45409e+23
1765 71.1043 51.1332 4.937e+94
1768 26.8675 83.0904 5.68956e+118
1771 69.9299 34.1956 1.2004e+63
1774 60.7469 21.396 1.44609e+38
1777 33.5644 18.4067 1.2201e+28
1780 61.462 52.9443 4.97283e+94
1783 74.6044 14.4121 9.7828e+26
1786 96.1342 10.7517 2.08569e+21
1788 93.2898 7.86924 3.17022e+15
1791 68.5628 0.220647 2.54172
1794 18.4961 92.2494 7.71657e+116
1797 3.03495 61.7439 5.88718e+29
1800 88.8558 52.5703 2.77362e+102
1803 59.0928 76.8136 1.1967e+136
1806 40.7284 76.3596 8.5335e+122
1809 76.9187 40.0505 3.43985e+75
1812 60.912 69.259 4.04355e+123
1815 99.9968 64.848 4.95469e+129
1818 38.5583 15.6696 7.14287e+24
1821 39.926 22.7442 2.62605e+36
1824 66.728 66.2787 8.17974e+120
1827 13.0626 36.3513 3.70739e+40
1830 49.6372 94.3358 9.4459e+159
1833 74.1033 84.5764 1.39378e+158
1836 3.17533 79.8837 1.21553e+40
1839 41.2976 48.2472 9.20207e+77
1842 70.5016 19.3386 5.51486e+35
1845 71.9971 65.2559 1.58759e+121
1849 73.753 26.0195 3.96834e+48
1852 27.2074 40.7067 2.51983e+58
1855 64.6804 69.0261 9.78754e+124
1858 28.9234 55.5784 1.63639e+81
1861 56.4996 64.7061 2.33312e+113
1864 32.6879 67.0301 3.23233e+101
1866 25.055 40.4227 3.52466e+56
1869 90.4024 40.2536 5.53812e+78
1873 83.3384 77.5335 8.50846e+148
1876 38.1864 76.3125 5.24088e+120
1878 42.5711 49.0286 7.46954e+79
1881 84.8031 37.4588 1.72214e+72
1884 26.6576 53.0644 4.57395e+75
1887 74.6147 28.2731 8.92521e+52
1890 84.7773 58.4905 6.10983e+112
1893 61.4635 47.5256 1.01205e+85
1896 87.4707 31.4442 1.14896e+61
1899 11.5539 86.4503 7.46975e+91
1902 38.8059 2.42963 7251.56
1905 67.9146 48.3775 4.22503e+88
1908 17.829 7.40925 1.86168e+09
1911 22.734 25.2302 1.69498e+34
1914 37.9151 1.69293 470.788
1916 93.0598 72.8464 2.61307e+143
1919 98.4027 98.784 7.53637e+196
1922 42.3175 55.4748 1.70191e+90
1925 44.6008 5.71124 2.62901e+09
1927 63.1909 3.46778 1.755e+06
1930 47.0708 27.7964 3.13664e+46
1933 57.6578 36.8555 7.8925e+64
1936 19.0645 0.943978 16.1624
1938 30.1883 63.6127 1.36956e+94
1942 79.5366 98.2086 4.4866e+186
1945 32.0994 72.7216 3.58768e+109
1948 47.7226 12.5125 1.01175e+21
1951 54.381 61.6186 8.62788e+106
1954 30.1264 18.1721 7.50812e+26
1956 45.4663 32.2278 2.65289e+53
1959 82.7765 11.7912 4.11564e+22
1962 34.4509 45.9334 4.06351e+70
1966 77.7826 69.4949 2.55068e+131
1967 97.6055 72.5105 1.81004e+144
1970 36.05 88.4855 5.80224e+137
1974 11.9455 27.437 3.5914e+29
1977 6.958 74.255 3.61952e+62
1980 63.6879 88.1846 1.23041e+159
1983 17.4076 3.9791 86500.3
1986 95.0825 40.1743 2.94298e+79
1989 28.6788 16.8721 3.90898e+24
1991 90.0998 75.5823 5.52692e+147
1994 1.86056 89.7919 1.62842e+24
1997 60.8713 48.3183 1.65899e+86
2000 23.118 25.7367 1.26923e+35
2003 79.6914 34.9938 3.4485e+66
2006 36.0412 26.7228 3.99965e+41
